2.3129651e+09	-62.970669	-62.668171	11.52354
2.3130309e+09	-62.969139	-62.73909	13.10115
2.313097e+09	-62.96714	-63.034721	10.72531
2.313164e+09	-62.965969	-63.033081	11.92559
2.3132301e+09	-62.964218	-62.729641	13.27647
2.3132959e+09	-62.962891	-62.990139	12.02158
2.3133619e+09	-62.961571	-62.922951	13.23122
2.313428e+09	-62.960018	-62.809608	12.19445
2.313494e+09	-62.957378	-63.04089	13.27927
2.3135601e+09	-62.95657	-62.974941	13.05335
2.3136261e+09	-62.95541	-62.77787	12.76073
2.3136919e+09	-62.954041	-62.951069	12.05892
2.313758e+09	-62.952259	-62.78915	12.17224
2.313825e+09	-62.950771	-62.84811	12.04721
2.3138911e+09	-62.94931	-63.107971	11.95862
2.3139571e+09	-62.947369	-62.949928	14.54456
2.3140229e+09	-62.946152	-62.715141	13.54994
2.314089e+09	-62.945148	-62.730728	14.84696
2.314155e+09	-62.943241	-62.792488	12.31631
2.3142211e+09	-62.942032	-62.866871	12.40439
2.3142871e+09	-62.939651	-62.99646	12.01531
2.3143529e+09	-62.93821	-62.878368	12.15006
2.3144189e+09	-62.937012	-62.983608	10.72971
2.314486e+09	-62.934559	-62.88253	11.15581
2.3145521e+09	-62.934059	-62.687511	13.74562
2.3146181e+09	-62.931938	-62.920219	13.2515
2.3146839e+09	-62.92997	-62.664322	11.99921
2.31475e+09	-62.928551	-62.86298	11.91673
2.314816e+09	-62.927841	-62.78532	10.72855
2.314882e+09	-62.925739	-62.875351	13.30542
2.3149481e+09	-62.924171	-62.753159	13.25275
2.3150139e+09	-62.922001	-62.909351	12.03546
2.3150799e+09	-62.920502	-62.99173	12.24777
2.315146e+09	-62.918381	-62.948101	12.77088
2.3152131e+09	-62.917011	-62.855999	12.94332
2.3152791e+09	-62.91555	-62.68618	10.7913
2.3153449e+09	-62.913139	-63.137699	11.90482
2.3154109e+09	-62.911671	-62.570171	12.834
2.315477e+09	-62.910191	-62.952042	11.79445
2.315543e+09	-62.908039	-62.859859	13.48286
2.3156091e+09	-62.906651	-62.657162	12.9673
2.3156749e+09	-62.90514	-62.80196	9.8675032
2.3157409e+09	-62.90308	-63.081791	12.11014
2.315807e+09	-62.901161	-63.000408	11.18463
2.315874e+09	-62.899349	-62.985298	11.59753
2.3159401e+09	-62.897629	-62.757889	12.3451
2.3160059e+09	-62.89587	-62.844521	12.68395
2.3160719e+09	-62.893921	-62.873192	12.91415
2.316138e+09	-62.891861	-62.981609	13.56586
2.316204e+09	-62.89035	-62.3923	13.5639
2.3162701e+09	-62.888641	-62.91188	12.72077
2.3163361e+09	-62.8866	-62.920212	11.39044
2.3164019e+09	-62.884392	-62.911961	13.27625
2.316468e+09	-62.882721	-62.776852	12.48896
2.316535e+09	-62.88126	-62.836529	11.97277
2.3166011e+09	-62.87923	-62.73999	14.54201
2.3166669e+09	-62.87735	-62.75185	10.34805
2.3167329e+09	-62.875221	-62.853149	12.75517
2.316799e+09	-62.87315	-62.670559	11.30442
2.316865e+09	-62.87191	-63.00758	9.5909824
2.3169311e+09	-62.86911	-62.634998	11.94833
2.3169971e+09	-62.867779	-62.743198	10.23887
2.3170629e+09	-62.865479	-62.807911	10.27671
2.317129e+09	-62.864128	-62.940472	11.94171
2.317196e+09	-62.861759	-62.682941	11.58082
2.3172621e+09	-62.85997	-62.75629	12.51322
2.3173279e+09	-62.85817	-62.588779	11.17679
2.3173939e+09	-62.85598	-62.552921	12.50651
2.31746e+09	-62.853939	-62.7705	13.1155
2.317526e+09	-62.852692	-62.921879	11.00305
2.3175921e+09	-62.85006	-62.907749	11.92753
2.3176581e+09	-62.848122	-62.805611	10.06811
2.3177239e+09	-62.84623	-62.735592	11.62207
2.31779e+09	-62.844719	-62.53857	11.47615
2.317857e+09	-62.84256	-62.67186	12.5343
2.3179231e+09	-62.840099	-62.94709	12.04998
2.3179891e+09	-62.83852	-62.880901	12.52288
2.3180549e+09	-62.836479	-62.783298	11.41179
2.318121e+09	-62.834011	-62.722309	10.98605
2.318187e+09	-62.832279	-62.817001	10.61793
2.3182531e+09	-62.829979	-62.641781	10.79466
2.3183191e+09	-62.82811	-62.541401	12.53041
2.3183849e+09	-62.825989	-62.755779	11.32045
2.3184509e+09	-62.823471	-62.933319	10.78747
2.318518e+09	-62.821468	-62.555618	11.37891
2.3185841e+09	-62.820049	-62.755451	11.93298
2.3186501e+09	-62.817509	-62.771278	9.6270752
2.3187159e+09	-62.815922	-62.692921	11.72929
2.318782e+09	-62.813469	-62.730461	12.47271
2.318848e+09	-62.81118	-62.482471	11.75051
2.318914e+09	-62.809238	-62.63121	9.9909496
2.3189801e+09	-62.8064	-62.828499	10.98116
2.3190459e+09	-62.805061	-62.50383	12.72585
2.3191119e+09	-62.803108	-62.565521	11.50318
2.319178e+09	-62.801311	-62.64267	11.8371
2.3192451e+09	-62.799358	-62.535461	11.15417
2.3193111e+09	-62.796959	-62.518559	11.64136
2.3193769e+09	-62.794819	-62.511169	11.03462
2.3194429e+09	-62.79295	-62.65366	11.93654
2.319509e+09	-62.790821	-62.444019	11.18155
2.319575e+09	-62.788651	-62.822552	10.33507
2.3196411e+09	-62.78651	-63.021969	10.78653
2.3197069e+09	-62.784199	-62.520859	11.32397
2.3197729e+09	-62.78196	-62.54636	12.6164
2.319839e+09	-62.779739	-62.461029	11.48638
2.319906e+09	-62.777	-62.498878	11.52405
2.3199721e+09	-62.775429	-62.404999	13.1968
2.3200379e+09	-62.773178	-62.68639	11.85172
2.3201039e+09	-62.77129	-62.48056	10.85785
2.32017e+09	-62.76894	-62.50404	11.83825
2.320236e+09	-62.766682	-62.70953	11.8186
2.3203021e+09	-62.764702	-62.792141	10.76407
2.3203681e+09	-62.761768	-62.744171	11.10498
2.3204339e+09	-62.759972	-62.344471	10.09071
2.3205e+09	-62.758011	-62.867149	10.14943
2.320567e+09	-62.755871	-62.63937	11.95315
2.3206331e+09	-62.753399	-62.445789	11.78943
2.3206989e+09	-62.751461	-62.366879	11.66763
2.3207649e+09	-62.74852	-62.445572	10.40096
2.320831e+09	-62.747089	-62.56311	12.49855
2.320897e+09	-62.744419	-62.53783	11.35051
2.3209631e+09	-62.742031	-62.420341	11.98775
2.3210291e+09	-62.74052	-62.68808	10.53336
2.3210949e+09	-62.737572	-62.589588	11.45158
2.321161e+09	-62.734791	-62.528751	10.75318
2.321228e+09	-62.733421	-62.648399	10.29063
2.3212941e+09	-62.73074	-62.623268	11.47095
2.3213599e+09	-62.729141	-62.64394	11.33738
2.3214259e+09	-62.72633	-62.711632	12.51815
2.321492e+09	-62.72438	-62.682388	11.82605
2.321558e+09	-62.722012	-62.44389	12.47406
2.3216241e+09	-62.719929	-62.678108	10.80085
2.3216901e+09	-62.71727	-62.588329	9.2475367
2.3217559e+09	-62.715191	-62.700161	10.90954
2.321822e+09	-62.712669	-62.643421	12.74677
2.321889e+09	-62.710258	-62.407169	10.29747
2.3219551e+09	-62.708389	-62.564758	9.7239113
2.3220211e+09	-62.70594	-62.577461	11.49586
2.3220869e+09	-62.702969	-62.495739	11.36142
2.322153e+09	-62.701302	-62.564999	10.34857
2.322219e+09	-62.698372	-62.397442	11.90574
2.3222851e+09	-62.69651	-62.729912	10.972
2.3223511e+09	-62.694752	-62.548241	11.29688
2.3224169e+09	-62.692329	-62.676022	9.2205048
2.3224829e+09	-62.689621	-62.718269	10.26053
2.32255e+09	-62.687462	-62.489681	12.94537
2.3226161e+09	-62.685299	-62.489651	11.11521
2.3226821e+09	-62.682968	-62.32169	12.16397
2.3227479e+09	-62.68095	-62.697922	12.68058
2.322814e+09	-62.678249	-62.274052	10.7312
2.32288e+09	-62.675369	-62.596081	13.18652
2.322946e+09	-62.67358	-62.46946	10.91401
2.3230121e+09	-62.671558	-62.564678	11.46512
2.3230779e+09	-62.668781	-62.417629	9.060215
2.3231439e+09	-62.666248	-62.42197	10.59367
2.32321e+09	-62.664341	-62.528858	11.19248
2.3232771e+09	-62.662552	-62.58976	9.9885588
2.3233431e+09	-62.659142	-62.57476	9.0779381
2.3234089e+09	-62.656681	-62.473701	10.72934
2.3234749e+09	-62.654549	-62.36216	11.12291
2.323541e+09	-62.652512	-62.27969	9.72896
2.323607e+09	-62.650261	-62.412029	10.3632
2.3236731e+09	-62.647381	-62.122849	9.1404724
2.3237389e+09	-62.645489	-62.381302	10.00443
2.3238049e+09	-62.64291	-62.53949	9.787611
2.323871e+09	-62.640228	-62.162151	10.28837
2.323938e+09	-62.63776	-62.076599	8.0256634
2.3240041e+09	-62.635052	-62.301701	12.12866
2.3240699e+09	-62.633099	-62.496441	11.35723
2.3241359e+09	-62.630951	-62.498379	12.29918
2.324202e+09	-62.628139	-62.34058	10.48318
2.324268e+09	-62.625198	-62.24992	10.11762
2.3243341e+09	-62.622879	-62.20319	9.913579
2.3244001e+09	-62.620041	-62.277271	10.0565
2.3244659e+09	-62.61784	-62.190029	10.11064
2.324532e+09	-62.615009	-62.495449	10.8129
2.324599e+09	-62.613178	-62.316811	9.6297331
2.3246651e+09	-62.610241	-62.28413	11.01119
2.3247309e+09	-62.60722	-62.28727	9.4280796
2.3247969e+09	-62.604671	-62.461441	10.88201
2.324863e+09	-62.60268	-62.499641	10.11528
2.324929e+09	-62.60001	-62.175339	10.93477
2.3249951e+09	-62.597542	-62.100361	8.978282
2.3250611e+09	-62.595009	-62.37027	9.9124613
2.3251269e+09	-62.592152	-62.194439	9.8385954
2.325194e+09	-62.589581	-62.238499	11.62986
2.32526e+09	-62.587009	-62.275982	9.8292332
2.3253261e+09	-62.584209	-62.238659	9.7452106
2.3253919e+09	-62.581879	-62.453201	11.77781
2.3254579e+09	-62.579201	-62.292549	9.570446
2.325524e+09	-62.576591	-62.392689	10.76405
2.32559e+09	-62.573589	-62.57328	11.05712
2.3256561e+09	-62.571018	-62.000721	9.0183153
2.3257221e+09	-62.56831	-62.267368	9.7801228
2.3257879e+09	-62.565659	-62.239792	9.5923653
2.325855e+09	-62.563519	-62.085461	9.2778654
2.325921e+09	-62.559959	-62.39838	10.81322
2.3259871e+09	-62.557961	-62.219189	9.8928261
2.3260531e+09	-62.555012	-62.506409	9.4598074
2.3261189e+09	-62.552681	-62.292198	10.64558
2.326185e+09	-62.549641	-62.370319	10.07594
2.326251e+09	-62.54686	-62.374859	11.06944
2.3263171e+09	-62.544182	-62.27557	9.5744858
2.3263831e+09	-62.541859	-62.26421	9.5604877
2.3264489e+09	-62.53883	-62.07547	8.5358219
2.326516e+09	-62.536499	-61.94846	8.493495
2.326582e+09	-62.533081	-62.322899	9.9448471
2.3266481e+09	-62.529732	-62.232311	10.28931
2.3267141e+09	-62.527431	-62.114059	9.9448118
2.3267799e+09	-62.524818	-62.003441	11.47292
2.326846e+09	-62.521278	-62.34811	11.30315
2.326912e+09	-62.518768	-62.146729	9.9639082
2.326978e+09	-62.51572	-62.257141	9.6936445
2.3270441e+09	-62.51289	-62.312672	9.855629
2.3271099e+09	-62.510262	-62.173531	8.5689974
2.327177e+09	-62.507259	-62.07093	8.93153
2.327243e+09	-62.504791	-62.321159	9.4837198
2.3273091e+09	-62.501942	-62.40152	9.8351612
2.3273751e+09	-62.498619	-62.01086	9.4005928
2.3274409e+09	-62.496021	-61.96254	10.04079
2.3275069e+09	-62.492668	-62.438301	8.230216
2.327573e+09	-62.490429	-62.166569	10.39588
2.327639e+09	-62.486919	-62.25193	7.7352781
2.3277051e+09	-62.48386	-61.934319	8.5934811
2.3277709e+09	-62.480572	-62.408531	7.9659438
2.327838e+09	-62.47805	-62.05204	8.4165964
2.327904e+09	-62.474979	-62.230709	8.457345
2.32797e+09	-62.471828	-62.010231	10.96309
2.3280361e+09	-62.468948	-61.8512	9.1170282
2.3281019e+09	-62.466358	-61.882481	7.6689048
2.3281679e+09	-62.46262	-62.171879	9.2801666
2.328234e+09	-62.459751	-62.21611	8.6842823
2.3283e+09	-62.45594	-61.974991	9.5008459
2.3283661e+09	-62.453178	-62.324081	9.4258699
2.3284321e+09	-62.45084	-62.17276	7.5767751
2.3284989e+09	-62.447392	-62.180271	8.1525993
2.328565e+09	-62.443901	-61.979858	6.3334661
2.328631e+09	-62.441261	-62.267448	6.0988331
2.3286971e+09	-62.438171	-62.01656	8.2629633
2.3287629e+09	-62.434849	-62.011559	8.4986477
2.3288289e+09	-62.431599	-62.146481	7.7751079
2.328895e+09	-62.428059	-61.9855	9.2734499
2.328961e+09	-62.42511	-62.164398	8.7160158
2.3290271e+09	-62.421398	-62.082241	8.2973461
2.3290931e+09	-62.418499	-61.910358	7.3950958
2.3291599e+09	-62.415241	-62.14542	8.4458761
2.329226e+09	-62.41206	-61.837872	7.1277089
2.329292e+09	-62.409389	-61.952431	8.4401236
2.3293581e+09	-62.406101	-62.11829	8.4766321
2.3294239e+09	-62.402458	-61.92897	8.3487415
2.3294899e+09	-62.399391	-61.78056	7.7680788
2.329556e+09	-62.396049	-61.975639	8.083375
2.329622e+09	-62.391918	-61.880638	6.7163692
2.3296881e+09	-62.389229	-61.99041	7.589849
2.3297549e+09	-62.386139	-62.006592	6.8806272
2.3298209e+09	-62.382759	-62.077518	7.2073569
2.329887e+09	-62.379269	-61.998112	7.4294128
2.329953e+09	-62.375641	-62.062988	7.3920088
2.3300191e+09	-62.371819	-61.91711	8.870863
2.3300851e+09	-62.368969	-61.87656	8.6608429
2.3301509e+09	-62.365372	-61.96685	7.6168351
2.330217e+09	-62.36174	-61.811039	8.1877508
2.330283e+09	-62.358082	-61.924728	7.5447989
2.3303491e+09	-62.35511	-61.841969	7.2152591
2.3304161e+09	-62.351971	-62.038582	7.656302
2.3304819e+09	-62.348202	-62.246052	6.926919
2.330548e+09	-62.344631	-61.904751	5.3429632
2.330614e+09	-62.341438	-61.891479	7.1576152
2.3306801e+09	-62.337608	-61.865379	6.3163571
2.3307461e+09	-62.334099	-62.008949	6.6226792
2.3308119e+09	-62.330841	-61.967892	6.68009
2.330878e+09	-62.32703	-62.3442	6.1575222
2.330944e+09	-62.323471	-61.903961	5.8241258
2.33101e+09	-62.319408	-61.94043	6.831871
2.3310771e+09	-62.316341	-61.891628	5.341104
2.3311429e+09	-62.312679	-61.655182	6.316627
2.331209e+09	-62.3088	-61.727631	5.6031771
2.331275e+09	-62.305119	-61.856758	5.9809489
2.3313411e+09	-62.301991	-61.94582	6.3269391
2.3314071e+09	-62.298	-61.88673	5.420114
2.3314729e+09	-62.294201	-61.824669	6.66466
2.3315389e+09	-62.29113	-61.866959	6.5821409
2.331605e+09	-62.287151	-61.770512	4.4712591
2.331671e+09	-62.283981	-62.185009	6.3200512
2.3317381e+09	-62.28009	-62.049019	5.9753528
2.3318039e+09	-62.276749	-61.753448	6.1340351
2.33187e+09	-62.273319	-61.889858	4.338623
2.331936e+09	-62.2691	-61.663139	4.2097812
2.332002e+09	-62.265701	-61.751919	4.4880099
2.3320681e+09	-62.260979	-61.885422	4.644186
2.3321339e+09	-62.257332	-61.965302	5.3337321
2.3321999e+09	-62.254169	-62.061111	5.1302042
2.332266e+09	-62.250111	-61.62043	6.0315819
2.332332e+09	-62.246689	-61.802269	5.2831621
2.3323991e+09	-62.242519	-61.675228	4.889606
2.3324649e+09	-62.23848	-61.737099	5.4748101
2.3325309e+09	-62.23558	-61.780319	5.7892952
2.332597e+09	-62.231041	-62.031651	5.7795668
2.332663e+09	-62.228062	-61.697361	6.2204199
2.3327291e+09	-62.223911	-61.793228	5.6600628
2.3327949e+09	-62.219952	-61.876759	3.5715821
2.3328609e+09	-62.215889	-61.802319	4.8551512
2.332927e+09	-62.212749	-61.666721	5.502202
2.332993e+09	-62.208488	-61.756969	4.5249429
2.3330601e+09	-62.205002	-61.79491	4.3801041
2.3331259e+09	-62.201031	-61.745361	3.584749
2.3331919e+09	-62.196991	-61.838211	4.4049611
2.333258e+09	-62.193199	-61.735321	5.0520811
2.333324e+09	-62.189259	-61.87088	4.4607129
2.3333901e+09	-62.185001	-61.712978	3.752388
2.3334559e+09	-62.1814	-61.886749	4.3193922
2.3335219e+09	-62.177292	-61.640091	4.9422221
2.333588e+09	-62.17366	-61.942101	4.3614669
2.333655e+09	-62.170158	-61.775871	3.088429
2.3337211e+09	-62.165791	-61.62767	1.890712
2.3337869e+09	-62.161251	-61.574379	3.6886981
2.3338529e+09	-62.158329	-61.83688	2.887727
2.333919e+09	-62.154259	-61.783169	4.8729219
2.333985e+09	-62.150181	-61.69212	3.122921
2.3340511e+09	-62.146549	-61.678711	1.802403
2.3341171e+09	-62.142929	-61.836128	3.716754
2.3341829e+09	-62.138908	-61.880951	3.1009569
2.334249e+09	-62.13451	-61.78783	2.7602611
2.334316e+09	-62.13052	-61.70882	2.8800931
2.3343821e+09	-62.127022	-61.83231	2.3392689
2.3344481e+09	-62.122719	-61.785358	2.1751809
2.3345139e+09	-62.11861	-61.640221	4.757515
2.33458e+09	-62.114689	-61.43515	2.666368
2.334646e+09	-62.110958	-61.61871	2.1760571
2.3347121e+09	-62.10659	-61.406311	1.532822
2.3347781e+09	-62.10313	-61.397331	1.385952
2.3348439e+09	-62.098949	-61.631512	1.3779531
2.33491e+09	-62.095219	-61.542351	2.550843
2.334977e+09	-62.090809	-61.809719	2.3959949
2.3350431e+09	-62.08744	-61.444248	3.4372599
2.3351091e+09	-62.083179	-61.391331	1.939678
2.3351749e+09	-62.078819	-61.58194	1.762966
2.335241e+09	-62.07502	-61.706131	1.3759789
2.335307e+09	-62.071388	-61.73814	-1.082937
2.3353731e+09	-62.067211	-61.425079	1.1827869
2.3354391e+09	-62.062988	-61.624111	1.452917
2.3355049e+09	-62.059429	-61.58844	-0.85258257
2.3355709e+09	-62.055721	-61.483398	1.715536
2.335638e+09	-62.051998	-61.51646	1.852814
2.3357041e+09	-62.0476	-61.316391	1.679989
2.3357701e+09	-62.043221	-61.758369	1.059361
2.3358359e+09	-62.039871	-61.48695	1.282282
2.335902e+09	-62.035412	-61.536381	-0.66225457
2.335968e+09	-62.031929	-61.506191	0.71484321
2.336034e+09	-62.027821	-61.60416	1.30531
2.3361001e+09	-62.023819	-61.728531	0.57090992
2.3361659e+09	-62.020271	-61.38995	-1.14697
2.3362319e+09	-62.016369	-61.489609	-0.4226335
2.336298e+09	-62.011639	-61.495098	-0.046215739
2.3363651e+09	-62.00853	-61.6063	-2.077615
2.3364311e+09	-62.003971	-61.555038	-0.478194
2.3364969e+09	-62.00021	-61.39991	0.050512131
2.3365629e+09	-61.996422	-61.454319	-1.012393
2.336629e+09	-61.992458	-61.521049	-1.935524
2.336695e+09	-61.988811	-61.721329	-0.43654481
2.3367611e+09	-61.98502	-61.324791	-0.52747881
2.3368269e+09	-61.980751	-61.56123	-0.69107831
2.3368929e+09	-61.976742	-61.239639	-0.28615019
2.336959e+09	-61.973438	-61.50946	-3.4858201
2.337026e+09	-61.969009	-61.64838	-0.44872081
2.3370921e+09	-61.965351	-61.412498	-2.0562229
2.3371579e+09	-61.96104	-61.24181	-1.673618
2.3372239e+09	-61.957001	-61.396461	-3.111263
2.33729e+09	-61.953239	-61.475281	-2.5603509
2.337356e+09	-61.949821	-61.386902	-2.1572869
2.3374221e+09	-61.945091	-61.49749	-2.3577311
2.3374879e+09	-61.941002	-61.198799	-0.3914015
2.3375539e+09	-61.936901	-61.404369	-1.0857249
2.33762e+09	-61.933449	-61.354179	-3.9415851
2.337687e+09	-61.929451	-61.214859	-3.848588
2.3377531e+09	-61.925079	-61.399899	-2.9923401
2.3378189e+09	-61.921299	-61.463928	-3.93782
2.3378849e+09	-61.91777	-61.340961	-3.995445
2.337951e+09	-61.913311	-61.520309	-2.220716
2.338017e+09	-61.909538	-61.424511	-4.333343
2.3380831e+09	-61.905949	-61.49979	-5.4632721
2.3381491e+09	-61.901951	-61.42971	-4.1416402
2.3382149e+09	-61.898418	-61.23473	-2.4334259
2.338281e+09	-61.895119	-61.342529	-5.5383568
2.338348e+09	-61.891102	-61.320358	-4.4395938
2.3384141e+09	-61.888039	-61.239769	-5.0673909
2.3384801e+09	-61.88422	-61.309738	-7.0736661
2.3385459e+09	-61.880619	-61.227161	-5.0134411
2.338612e+09	-61.87685	-61.244259	-5.240427
2.338678e+09	-61.873711	-61.186138	-4.9092441
2.3387441e+09	-61.869808	-61.540699	-5.9179978
2.3388101e+09	-61.86655	-61.27887	-6.5233598
2.3388759e+09	-61.862911	-61.498531	-6.9801302
2.338942e+09	-61.85994	-61.557961	-6.873518
2.339009e+09	-61.855801	-61.394032	-7.7843132
2.3390751e+09	-61.853168	-61.532269	-6.6672921
2.3391411e+09	-61.849739	-61.515469	-6.8517818
2.3392069e+09	-61.846668	-61.44907	-6.9806499
2.339273e+09	-61.842979	-61.488529	-7.8947201
2.339339e+09	-61.83952	-61.463631	-6.717104
2.3394051e+09	-61.836681	-61.592281	-7.4136848
2.3394711e+09	-61.83353	-61.155701	-7.8712292
2.3395369e+09	-61.830002	-61.542961	-7.7860479
2.3396029e+09	-61.82719	-61.43346	-9.4187622
2.33967e+09	-61.823711	-61.365761	-9.0710897
2.3397361e+09	-61.82056	-61.45615	-7.3299961
2.3398021e+09	-61.81712	-61.352131	-8.8069172
2.3398679e+09	-61.814129	-61.286499	-8.9783659
2.339934e+09	-61.81105	-61.071209	-9.1719875
2.34e+09	-61.80835	-61.310749	-7.932035
2.340066e+09	-61.804562	-61.44297	-8.7473745
2.3401321e+09	-61.802212	-61.454762	-10.23035
2.3401979e+09	-61.79892	-61.35939	-11.34611
2.3402639e+09	-61.79628	-61.355881	-10.58742
2.34033e+09	-61.79327	-61.609299	-11.91114
2.3403971e+09	-61.790421	-61.48555	-12.36119
2.3404631e+09	-61.787552	-61.475128	-11.83442
2.3405289e+09	-61.784721	-61.468811	-12.18929
2.3405949e+09	-61.78117	-61.28595	-11.2685
2.340661e+09	-61.77821	-61.400188	-12.63208
2.340727e+09	-61.77544	-61.444809	-12.01105
2.3407931e+09	-61.773399	-61.594929	-13.20543
2.3408589e+09	-61.770611	-61.69492	-12.56795
2.3409249e+09	-61.76762	-61.562302	-12.43298
2.340991e+09	-61.765228	-61.212238	-12.96179
2.341058e+09	-61.762348	-61.313049	-13.98684
2.3411241e+09	-61.759899	-61.41703	-13.98805
2.3411899e+09	-61.75631	-61.603439	-14.49293
2.3412559e+09	-61.754261	-61.33363	-14.6448
2.341322e+09	-61.751511	-61.586739	-15.2423
2.341388e+09	-61.749329	-61.680031	-15.21
2.3414541e+09	-61.74675	-61.558338	-15.61428
2.3415199e+09	-61.743969	-61.547958	-13.97058
2.3415859e+09	-61.74168	-61.544762	-15.79516
2.341652e+09	-61.739319	-61.61079	-16.629629
2.341719e+09	-61.737099	-61.595039	-16.504089
2.3417851e+09	-61.734921	-61.567631	-19.01053
2.3418509e+09	-61.731949	-61.44735	-17.472269
2.3419169e+09	-61.730259	-61.741909	-17.832939
2.341983e+09	-61.727909	-61.837391	-18.591431
2.342049e+09	-61.72596	-61.57711	-19.577841
2.3421151e+09	-61.7234	-61.608341	-18.339491
2.3421811e+09	-61.721249	-61.664688	-18.788759
2.3422469e+09	-61.71954	-61.58873	-20.37739
2.342313e+09	-61.716911	-61.874279	-19.57011
2.34238e+09	-61.7146	-61.562569	-22.10766
2.3424461e+09	-61.713268	-61.665749	-22.24044
2.3425121e+09	-61.711361	-61.719109	-22.746731
2.3425779e+09	-61.708981	-61.654652	-21.500629
2.342644e+09	-61.70715	-61.793949	-20.92211
2.34271e+09	-61.70549	-61.62822	-22.446341
2.3427761e+09	-61.7034	-61.86208	-21.94014
2.3428421e+09	-61.701309	-61.841751	-24.116249
2.3429079e+09	-61.700119	-61.855469	-23.194401
2.342974e+09	-61.6978	-62.03363	-23.043051
2.343041e+09	-61.696522	-61.976318	-24.13983
2.3431071e+09	-61.69453	-62.17482	-26.672131
2.3431731e+09	-61.693321	-62.054169	-24.00198
2.3432389e+09	-61.6912	-61.96949	-26.37812
2.343305e+09	-61.68956	-62.210709	-26.675329
2.343371e+09	-61.687939	-62.073318	-26.81155
2.3434371e+09	-61.686939	-62.167889	-26.326929
2.3435031e+09	-61.684971	-61.987701	-30.646681
2.3435689e+09	-61.68375	-62.22506	-28.28364
2.3436349e+09	-61.682709	-61.94397	-27.19342
2.343702e+09	-61.680691	-62.330509	-30.45438
2.3437681e+09	-61.679871	-62.294151	-28.763781
2.3438341e+09	-61.67873	-62.386501	-27.962311
2.3438999e+09	-61.677349	-62.290051	-30.745649
2.343966e+09	-61.676491	-62.63538	-31.177879
2.344032e+09	-61.674561	-62.6436	-32.130409
2.344098e+09	-61.674221	-62.466061	-33.05793
2.3441641e+09	-61.672699	-62.9091	-32.970451
2.3442299e+09	-61.67141	-62.588032	-35.491501
2.3442959e+09	-61.670872	-62.8013	-33.595589
2.344362e+09	-61.669682	-62.795132	-34.41243
2.3444291e+09	-61.66835	-63.01572	-36.2812
2.3444951e+09	-61.668079	-62.98859	-36.34853
2.3445609e+09	-61.666981	-63.140339	-34.81329
2.3446269e+09	-61.666161	-63.103661	-36.085838
2.344693e+09	-61.665279	-63.291939	-38.27581
2.344759e+09	-61.66494	-63.2104	-38.22567
2.3448251e+09	-61.663849	-63.343842	-37.72403
2.3448909e+09	-61.663479	-63.524849	-37.6479
2.3449569e+09	-61.662979	-63.56794	-39.820122
2.345023e+09	-61.66235	-63.628979	-39.085899
2.34509e+09	-61.661861	-64.005302	-39.665932
2.3451561e+09	-61.660999	-64.161522	-42.86198
2.3452219e+09	-61.66061	-64.105621	-41.641232
2.3452879e+09	-61.660488	-63.938911	-41.38715
2.345354e+09	-61.65958	-64.246948	-43.39912
2.34542e+09	-61.659431	-64.324226	-42.118259
2.3454861e+09	-61.659039	-64.718811	-45.211769
2.3455519e+09	-61.658909	-64.876198	-42.428059
2.3456179e+09	-61.658829	-64.817947	-44.686031
2.345684e+09	-61.658821	-65.104042	-44.880402
2.345751e+09	-61.658291	-65.436493	-43.711861
2.3458171e+09	-61.658562	-65.424438	-47.831329
2.3458829e+09	-61.658642	-65.279572	-46.586781
2.3459489e+09	-61.658581	-65.942558	-46.62402
2.346015e+09	-61.658379	-66.236618	-47.98975
2.346081e+09	-61.65868	-66.212753	-47.02179
2.3461471e+09	-61.658569	-66.206947	-48.117641
2.3462131e+09	-61.659321	-66.371437	-48.871262
2.3462789e+09	-61.659451	-67.158379	-48.511951
2.346345e+09	-61.65963	-67.574951	-51.41441
2.346412e+09	-61.660221	-67.426781	-50.76474
2.3464781e+09	-61.659599	-67.24041	-46.137871
2.3465441e+09	-61.66087	-67.534088	-49.510109
2.3466099e+09	-61.660919	-68.196487	-49.741772
2.346676e+09	-61.661831	-68.343773	-47.880901
2.346742e+09	-61.661812	-68.629471	-51.675289
2.3468081e+09	-61.66264	-69.826111	-51.95137
2.3468741e+09	-61.663448	-69.334709	-51.87804
2.3469399e+09	-61.664242	-69.867439	-47.855438
2.347007e+09	-61.66468	-70.069778	-50.04829
2.347073e+09	-61.665352	-70.287773	-47.428982
2.3471391e+09	-61.666149	-70.070091	-52.477951
2.3472051e+09	-61.666801	-70.556892	-46.274361
2.3472709e+09	-61.667469	-71.417168	-45.908218
2.347337e+09	-61.669048	-72.007973	-43.635269
2.347403e+09	-61.670139	-72.157654	-42.83239
2.3474691e+09	-61.670849	-72.988892	-41.74931
2.3475351e+09	-61.672131	-73.089172	-40.536709
2.3476009e+09	-61.673092	-72.752274	-39.352409
2.347668e+09	-61.673969	-73.418312	-43.012661
2.347734e+09	-61.675571	-73.524063	-35.93766
2.3478001e+09	-61.676529	-74.57428	-36.397362
2.3478661e+09	-61.677872	-73.829559	-27.046949
2.3479319e+09	-61.678982	-74.2761	-20.505489
2.347998e+09	-61.680302	-74.4505	-19.72986
2.348064e+09	-61.681671	-76.09037	-11.21754
2.34813e+09	-61.683151	-74.800552	-15.77157
2.3481961e+09	-61.684792	-76.149719	-10.46209
2.3482619e+09	-61.68631	-74.955269	-11.82605
2.348329e+09	-61.687469	-75.305733	0.79497212
2.348395e+09	-61.689522	-76.326218	-3.0645599
2.3484611e+09	-61.691399	-75.312141	3.021481
2.3485271e+09	-61.69334	-74.994011	4.4894872
2.3485929e+09	-61.695129	-74.855713	7.9079809
2.3486589e+09	-61.696571	-74.481194	13.18411
2.348725e+09	-61.698521	-73.331612	17.409719
2.348791e+09	-61.700691	-74.076752	21.95196
2.3488571e+09	-61.702068	-72.944031	17.140141
2.3489229e+09	-61.704079	-73.693642	12.00053
2.34899e+09	-61.706139	-73.132843	29.807779
2.349056e+09	-61.70845	-72.948051	24.709221
2.349122e+09	-61.710659	-72.633743	22.970579
2.3491881e+09	-61.713181	-72.203217	22.54534
2.3492539e+09	-61.71529	-71.458672	24.077909
2.3493199e+09	-61.71756	-71.414452	27.60561
2.349386e+09	-61.720242	-71.27092	26.529301
2.349452e+09	-61.722408	-70.424698	28.30908
2.3495181e+09	-61.724731	-70.478821	30.621099
2.3495839e+09	-61.72789	-70.429359	29.9091
2.3496509e+09	-61.730259	-70.418022	30.10471
2.349717e+09	-61.732792	-69.84594	31.320061
2.349783e+09	-61.735569	-70.293518	30.967581
2.3498491e+09	-61.738522	-69.837059	31.273821
2.3499149e+09	-61.74155	-69.788162	31.03458
2.3499809e+09	-61.744308	-69.177147	29.96455
2.350047e+09	-61.747189	-69.325996	34.807701
2.350113e+09	-61.749901	-69.200813	30.286221
2.3501791e+09	-61.753239	-68.605751	27.70649
2.3502451e+09	-61.75581	-68.852249	29.710779
2.3503119e+09	-61.758808	-68.502197	28.89234
2.350378e+09	-61.763	-68.937447	29.67347
2.350444e+09	-61.765751	-68.091751	33.237961
2.3505101e+09	-61.768532	-68.524979	31.65752
2.3505761e+09	-61.771851	-67.975937	30.1824
2.3506419e+09	-61.774891	-67.70356	32.652351
2.350708e+09	-61.778061	-67.657631	29.41309
2.350774e+09	-61.7812	-67.869682	29.290939
2.3508401e+09	-61.784069	-67.62384	32.211182
2.3509069e+09	-61.787319	-67.347427	28.66745
2.3509729e+09	-61.79142	-67.026878	28.451509
2.351039e+09	-61.794189	-67.523178	29.155609
2.351105e+09	-61.798	-67.187134	30.082399
2.3511711e+09	-61.801788	-66.68055	29.0056
2.3512371e+09	-61.80447	-66.518806	29.310789
2.3513029e+09	-61.807961	-66.647217	28.813231
2.351369e+09	-61.811619	-66.269089	28.105089
2.351435e+09	-61.81559	-66.421051	27.52704
2.3515011e+09	-61.819099	-66.645538	30.32819
2.3515679e+09	-61.822571	-66.397774	28.242649
2.3516339e+09	-61.82653	-66.283531	28.118019
2.3517e+09	-61.829868	-66.284599	27.65752
2.351766e+09	-61.83392	-66.245453	27.237671
2.3518321e+09	-61.837601	-66.227211	26.215731
2.3518981e+09	-61.84169	-66.010498	26.13106
2.3519639e+09	-61.845139	-66.09124	29.18387
2.35203e+09	-61.849541	-66.061707	26.22279
2.352096e+09	-61.852909	-65.93354	25.52574
2.352162e+09	-61.85717	-65.489754	26.14073
2.3522291e+09	-61.860668	-65.661903	26.703739
2.3522949e+09	-61.865219	-65.526268	24.624781
2.352361e+09	-61.869251	-65.323593	25.668119
2.352427e+09	-61.873989	-65.605667	26.416019
2.3524931e+09	-61.87817	-65.277359	26.068171
2.3525591e+09	-61.88192	-65.218163	23.79039
2.3526249e+09	-61.886059	-65.073631	23.647909
2.3526909e+09	-61.890549	-65.240257	23.309469
2.352757e+09	-61.894958	-65.025772	24.148479
2.352823e+09	-61.89909	-65.005783	22.939791
2.3528901e+09	-61.90353	-65.349083	22.40906
2.3529559e+09	-61.908001	-65.029648	24.04759
2.353022e+09	-61.912159	-65.124298	22.222469
2.353088e+09	-61.916599	-65.0252	23.414591
2.353154e+09	-61.921371	-64.939819	24.5762
2.3532201e+09	-61.926449	-65.039688	21.47105
2.3532859e+09	-61.930511	-64.906563	21.87476
2.3533519e+09	-61.9361	-64.906677	20.58679
2.353418e+09	-61.93977	-64.813057	22.019251
2.353484e+09	-61.944721	-64.89489	20.27886
2.3535511e+09	-61.949341	-64.759918	21.13863
2.3536169e+09	-61.954609	-64.552338	19.75845
2.3536829e+09	-61.959251	-64.630089	21.83629
2.353749e+09	-61.963779	-64.68605	19.87114
2.353815e+09	-61.968319	-64.531868	20.303341
2.3538811e+09	-61.973282	-64.311348	21.305571
2.3539469e+09	-61.978432	-64.646721	18.93856
2.3540129e+09	-61.983898	-64.223358	20.625151
2.354079e+09	-61.98867	-64.56929	19.66028
2.354145e+09	-61.993511	-64.359306	21.384741
2.3542121e+09	-61.998631	-64.132172	21.48781
2.3542779e+09	-62.00399	-64.278526	20.30368
2.3543439e+09	-62.009541	-64.471184	17.22949
2.35441e+09	-62.01453	-64.098846	18.268391
2.354476e+09	-62.02005	-64.453011	18.96384
2.3545421e+09	-62.025249	-64.35482	19.19964
2.3546081e+09	-62.030151	-64.101044	19.277479
2.3546739e+09	-62.036282	-64.291496	18.31159
2.35474e+09	-62.041241	-64.042198	17.35533
2.354806e+09	-62.046768	-64.240501	17.84593
2.3548731e+09	-62.052029	-64.148308	17.67029
2.3549389e+09	-62.057789	-64.399094	18.547791
2.3550049e+09	-62.063251	-64.119781	17.30085
2.355071e+09	-62.068802	-63.931671	17.029011
2.355137e+09	-62.073898	-64.156219	18.845409
2.3552031e+09	-62.079601	-63.987141	16.98539
2.3552691e+09	-62.085701	-64.294022	16.229191
2.3553349e+09	-62.091	-64.085609	16.74021
2.355401e+09	-62.09737	-64.082153	17.065519
2.355468e+09	-62.102581	-63.880211	16.427971
2.3555341e+09	-62.108131	-64.012939	15.01815
2.3555999e+09	-62.114029	-64.157532	15.78835
2.3556659e+09	-62.12027	-64.130173	15.00595
2.355732e+09	-62.126251	-64.087639	15.64064
2.355798e+09	-62.13216	-64.123962	14.00533
2.3558641e+09	-62.138081	-63.989979	15.71609
2.3559301e+09	-62.143681	-63.95435	15.86914
2.3559959e+09	-62.15028	-64.305077	14.90418
2.356062e+09	-62.155602	-64.054108	15.06696
2.356129e+09	-62.16119	-63.812222	14.22404
2.3561951e+09	-62.167332	-63.929329	13.50239
2.3562611e+09	-62.173752	-64.038391	14.55427
2.3563269e+09	-62.179729	-63.605621	12.86253
2.356393e+09	-62.186211	-63.99744	15.17981
2.356459e+09	-62.19149	-63.904541	13.75314
2.3565251e+09	-62.197899	-63.693378	13.56717
2.3565911e+09	-62.204552	-63.814911	14.19918
2.3566569e+09	-62.209911	-64.073921	13.65098
2.3567229e+09	-62.2164	-63.81744	12.89264
2.35679e+09	-62.22324	-63.800671	13.69799
2.3568561e+09	-62.229752	-63.915668	15.2147
2.3569221e+09	-62.23595	-63.450779	13.69918
2.3569879e+09	-62.242039	-63.773109	13.22651
2.357054e+09	-62.248348	-64.084	13.18189
2.35712e+09	-62.254559	-63.62973	12.42415
2.357186e+09	-62.260422	-63.803791	10.88342
2.3572521e+09	-62.267021	-63.794708	12.71222
2.3573179e+09	-62.273499	-63.83979	13.04919
2.3573839e+09	-62.280102	-63.87849	13.77635
2.35745e+09	-62.286442	-63.69215	13.38426
2.3575171e+09	-62.29303	-63.72995	14.1764
2.3575831e+09	-62.29929	-63.730389	13.01556
2.3576489e+09	-62.305988	-63.760559	11.78378
2.3577149e+09	-62.312222	-63.836632	9.8716507
2.357781e+09	-62.318588	-63.58757	10.17397
2.357847e+09	-62.325039	-63.714241	12.54948
2.3579131e+09	-62.33242	-63.808971	13.83707
2.3579789e+09	-62.338249	-63.669201	11.82544
2.3580449e+09	-62.345421	-63.59425	11.8727
2.358111e+09	-62.35173	-63.81385	9.7213631
2.358178e+09	-62.35796	-63.77573	12.85001
2.3582441e+09	-62.364578	-63.60907	11.45881
2.3583099e+09	-62.371811	-63.758808	9.4492626
2.3583759e+09	-62.378578	-63.711288	11.54691
2.358442e+09	-62.385509	-63.86372	9.2233181
2.358508e+09	-62.39201	-63.647732	10.47267
2.3585741e+09	-62.398479	-63.685741	8.1184759
2.3586401e+09	-62.40546	-63.76767	11.06836
2.3587059e+09	-62.41164	-63.54446	10.37211
2.358772e+09	-62.419071	-63.868019	11.33526
2.358839e+09	-62.425529	-63.72068	9.0549765
2.3589051e+09	-62.432049	-63.624722	10.76983
2.3589709e+09	-62.439541	-63.718712	10.78161
2.3590369e+09	-62.446468	-63.827389	10.99799
2.359103e+09	-62.452492	-63.658939	9.64925
2.359169e+09	-62.460121	-63.72628	8.6288671
2.3592351e+09	-62.465961	-63.714062	8.0108356
2.3593011e+09	-62.47364	-63.720879	9.3914118
2.3593669e+09	-62.480709	-63.50676	11.21518
2.359433e+09	-62.487251	-63.7444	9.2347736
2.3595e+09	-62.494041	-63.213638	11.00535
2.3595661e+09	-62.500851	-63.983711	11.18253
2.3596319e+09	-62.508011	-63.624908	9.3656816
2.3596979e+09	-62.514809	-63.45203	9.9631834
2.359764e+09	-62.52179	-63.701221	10.08388
2.35983e+09	-62.528992	-63.528919	8.9428139
2.3598961e+09	-62.53532	-63.762032	8.3194857
2.3599621e+09	-62.542389	-63.76952	9.4083042
2.3600279e+09	-62.549511	-63.648071	8.636343
2.360094e+09	-62.55685	-63.791	9.5340128
2.360161e+09	-62.563961	-63.930962	7.801703
2.3602271e+09	-62.571079	-63.479671	6.6289649
2.3602931e+09	-62.577572	-63.611721	10.19202
2.3603589e+09	-62.585171	-63.765419	6.3307881
2.360425e+09	-62.59203	-63.62051	11.07698
2.360491e+09	-62.598991	-63.467972	8.4232492
2.3605571e+09	-62.605881	-63.627468	11.43509
2.3606231e+09	-62.612751	-63.694279	8.3662167
2.3606889e+09	-62.620461	-63.853161	9.1648922
2.3607549e+09	-62.627861	-63.81443	6.6157198
2.360822e+09	-62.634159	-63.720921	7.3658519
2.3608881e+09	-62.641899	-63.72929	8.8854218
2.3609541e+09	-62.648609	-63.786339	8.5951042
2.3610199e+09	-62.654919	-63.67424	6.7115149
2.361086e+09	-62.663479	-63.67561	6.352108
2.361152e+09	-62.66983	-63.760311	7.6271911
2.361218e+09	-62.677662	-63.90554	7.6586318
2.3612841e+09	-62.684158	-63.84893	4.7804108
2.3613499e+09	-62.691639	-63.771759	6.0079861
2.3614159e+09	-62.69812	-63.605598	6.222753
2.361482e+09	-62.705269	-63.438831	6.120893
2.3615491e+09	-62.712769	-63.567921	7.04353
2.3616151e+09	-62.719292	-63.542252	8.038826
2.3616809e+09	-62.727482	-63.42889	6.6524801
2.3617469e+09	-62.734509	-63.973019	6.7988729
2.361813e+09	-62.741241	-63.71986	7.5660439
2.361879e+09	-62.74794	-63.795238	5.4632668
2.3619451e+09	-62.755852	-63.776562	8.4397993
2.3620109e+09	-62.76292	-63.729988	6.1929011
2.3620769e+09	-62.770031	-63.557072	4.928236
2.362143e+09	-62.777012	-63.874771	5.7660422
2.36221e+09	-62.784149	-63.838051	6.2512498
2.3622761e+09	-62.791302	-63.678249	5.2770491
2.3623419e+09	-62.798611	-63.723019	5.771975
2.3624079e+09	-62.80653	-64.030701	4.6124191
2.362474e+09	-62.81345	-63.915741	3.1244709
2.36254e+09	-62.820389	-63.84901	5.1961188
2.3626061e+09	-62.827499	-63.72084	5.1591182
2.3626721e+09	-62.834518	-63.776649	5.54495
2.3627379e+09	-62.841888	-63.920158	5.1775141
2.362804e+09	-62.84906	-63.701611	5.778697
2.362871e+09	-62.856449	-63.8452	7.0561199
2.3629371e+09	-62.86322	-63.75013	4.4438882
2.3630029e+09	-62.870899	-63.968239	6.302494
2.3630689e+09	-62.878551	-63.625561	4.0767088
2.363135e+09	-62.884819	-63.651321	5.0928488
2.363201e+09	-62.89246	-63.721931	6.3582072
2.3632671e+09	-62.899681	-63.805351	4.1512241
2.3633331e+09	-62.906368	-63.557171	5.1213078
2.3633989e+09	-62.913261	-63.857841	5.3381829
2.363465e+09	-62.921249	-64.051651	4.869204
2.363532e+09	-62.928429	-63.92004	4.0584588
2.3635981e+09	-62.93515	-64.026718	7.194067
2.3636639e+09	-62.94278	-63.864929	3.9738569
2.3637299e+09	-62.949829	-63.704842	5.1150231
2.363796e+09	-62.956951	-64.037666	5.1882038
2.363862e+09	-62.96402	-64.05809	6.6871071
2.3639281e+09	-62.971588	-63.99781	5.568541
2.3639941e+09	-62.978951	-64.237289	5.8651662
2.3640599e+09	-62.985538	-63.527618	5.1039562
2.364126e+09	-62.993111	-63.798641	3.232074
2.364193e+09	-62.99971	-63.653221	3.6827741
2.3642591e+09	-63.006741	-64.143044	3.107425
2.3643251e+09	-63.01432	-63.562969	5.187479
2.3643909e+09	-63.021912	-64.046867	5.450778
2.364457e+09	-63.028858	-63.631168	5.2568698
2.364523e+09	-63.035839	-63.858978	5.1074958
2.3645891e+09	-63.042782	-63.871342	5.6676912
2.3646551e+09	-63.049622	-63.84169	4.6160989
2.3647209e+09	-63.057121	-64.005569	5.3275809
2.3647869e+09	-63.063938	-63.630489	4.4255319
2.364854e+09	-63.071232	-63.691189	4.1187201
2.3649201e+09	-63.078209	-63.882069	3.9370251
2.3649861e+09	-63.085419	-63.8172	5.0113878
2.3650519e+09	-63.091541	-64.043159	5.2011189
2.365118e+09	-63.099701	-64.2173	3.9336171
2.365184e+09	-63.106178	-63.755371	4.3557448
2.36525e+09	-63.114109	-63.582481	4.8285952
2.3653161e+09	-63.120651	-64.120956	4.0727129
2.3653819e+09	-63.127991	-63.629459	1.979108
2.3654479e+09	-63.135059	-64.239479	5.3745708
2.365514e+09	-63.141769	-63.907188	4.6643562
2.3655811e+09	-63.14925	-64.184258	3.9896929
2.3656471e+09	-63.155251	-63.863869	3.0215659
2.3657129e+09	-63.163078	-63.861221	4.0612931
2.3657789e+09	-63.170059	-63.91423	2.9369841
2.365845e+09	-63.176891	-63.863129	3.527961
2.365911e+09	-63.183941	-64.071259	4.8218961
2.3659771e+09	-63.191002	-63.965248	3.0283101
2.3660429e+09	-63.198009	-63.731152	2.8333819
2.3661089e+09	-63.204868	-64.157661	3.2332411
2.366175e+09	-63.211769	-63.915749	4.442636
2.366242e+09	-63.218731	-63.960159	3.895494
2.3663081e+09	-63.225891	-64.166992	4.5030241
2.3663739e+09	-63.2328	-63.82386	4.6205521
2.3664399e+09	-63.239719	-64.083054	3.163111
2.366506e+09	-63.246639	-64.036263	2.892195
2.366572e+09	-63.253262	-63.72707	1.514375
2.3666381e+09	-63.2598	-64.027718	4.8226509
2.3667041e+09	-63.267109	-64.012154	3.625679
2.3667699e+09	-63.274391	-64.087402	2.6380041
2.366836e+09	-63.280991	-63.769402	3.133642
2.366903e+09	-63.287579	-64.075569	1.303112
2.3669691e+09	-63.294571	-63.987011	2.0014291
2.3670349e+09	-63.301559	-63.544701	1.020695
2.3671009e+09	-63.307892	-63.73016	2.5077231
2.367167e+09	-63.31559	-64.058708	3.5084479
2.367233e+09	-63.322189	-63.763699	3.189379
2.3672991e+09	-63.32872	-63.999249	3.7225759
2.3673651e+09	-63.335152	-64.353371	3.4828219
2.3674309e+09	-63.342201	-64.297852	3.966152
2.367498e+09	-63.349449	-64.289719	4.6417499
2.367564e+09	-63.355919	-64.186302	3.080318
2.3676301e+09	-63.3619	-63.883591	2.1298389
2.3676959e+09	-63.369438	-64.114449	2.7260909
2.3677619e+09	-63.376019	-64.09449	1.060387
2.367828e+09	-63.38237	-63.956841	3.6887989
2.367894e+09	-63.389622	-64.147957	4.0130591
2.3679601e+09	-63.395679	-64.326073	2.6101291
2.3680261e+09	-63.402901	-64.392097	4.0345912
2.3680919e+09	-63.409081	-64.335258	2.361738
2.368159e+09	-63.416149	-64.138832	4.1336899
2.368225e+09	-63.422321	-63.776909	0.79368222
2.3682911e+09	-63.429119	-63.797138	0.3025848
2.3683571e+09	-63.43581	-64.109207	4.9755521
2.3684229e+09	-63.442402	-64.091637	1.768407
2.368489e+09	-63.449009	-64.37764	1.80006
2.368555e+09	-63.455952	-64.236137	2.7798121
2.3686211e+09	-63.461819	-64.1754	3.310154
2.3686871e+09	-63.468571	-64.424889	1.183831
2.3687529e+09	-63.47451	-64.026741	3.3808539
2.36882e+09	-63.48222	-63.997551	2.891021
2.368886e+09	-63.488289	-63.929039	3.414489
2.3689521e+09	-63.494251	-63.978909	0.93298191
2.3690181e+09	-63.501049	-64.100883	3.550807
2.3690839e+09	-63.507889	-64.171356	1.961862
2.36915e+09	-63.513729	-64.273972	3.5909059
2.369216e+09	-63.520161	-64.097847	3.385191
2.369282e+09	-63.526821	-64.044502	1.957865
2.3693481e+09	-63.53336	-64.189949	2.42326
2.3694139e+09	-63.539021	-64.248703	0.155522
2.369481e+09	-63.546131	-64.006599	0.89663112
2.369547e+09	-63.551849	-64.014763	2.0626831
2.3696131e+09	-63.558632	-64.558739	2.251472
2.3696791e+09	-63.56443	-63.976978	3.212671
2.3697449e+09	-63.570721	-64.190536	2.4178319
2.3698109e+09	-63.57703	-64.207703	2.8338611
2.369877e+09	-63.58382	-64.155884	2.727602
2.369943e+09	-63.59034	-64.350456	1.6436321
2.3700091e+09	-63.595692	-64.416222	0.95880961
2.3700749e+09	-63.602459	-64.193764	2.4954381
2.370142e+09	-63.608688	-64.240936	2.09338
2.370208e+09	-63.615139	-64.087273	1.801791
2.370274e+09	-63.62035	-64.493698	3.1550541
2.3703401e+09	-63.62693	-64.573212	1.4135441
2.3704059e+09	-63.633732	-64.585678	3.6594629
2.3704719e+09	-63.639408	-64.47377	1.701857
2.370538e+09	-63.646049	-64.492592	3.1883881
2.370604e+09	-63.651199	-63.95306	2.123786
2.3706701e+09	-63.656979	-64.353943	2.208931
2.3707361e+09	-63.663528	-64.059189	1.860669
2.3708029e+09	-63.67012	-64.33606	1.043867
2.370869e+09	-63.675732	-64.277328	1.157027
2.370935e+09	-63.682018	-64.387543	2.6320331
2.3710011e+09	-63.688179	-64.138786	1.523991
2.3710669e+09	-63.693321	-64.11499	0.48056021
2.3711329e+09	-63.699188	-64.196457	1.858538
2.371199e+09	-63.705521	-64.372437	0.90264249
2.371265e+09	-63.711418	-64.395401	3.613924
2.3713311e+09	-63.71727	-64.360397	1.133644
2.3713971e+09	-63.723282	-64.343323	-0.1444812
2.3714639e+09	-63.729301	-64.045189	4.1814122
2.37153e+09	-63.73518	-64.27404	-0.01412764
2.371596e+09	-63.741421	-64.185173	0.68713039
2.3716621e+09	-63.746601	-64.303337	1.475576
2.3717279e+09	-63.75264	-64.178467	1.866441
2.3717939e+09	-63.758179	-64.269096	2.728663
2.37186e+09	-63.76424	-64.496063	2.7082231
2.371926e+09	-63.770149	-64.41806	-0.8523109
2.3719921e+09	-63.776321	-64.284401	0.16235261
2.3720589e+09	-63.781158	-64.101288	1.981316
2.3721249e+09	-63.78743	-64.320099	0.59701359
2.372191e+09	-63.793461	-64.249847	2.5508621
2.372257e+09	-63.79829	-64.213058	2.669435
2.3723231e+09	-63.804489	-64.388557	0.82047051
2.3723891e+09	-63.810219	-64.146927	1.330516
2.3724549e+09	-63.815762	-64.356232	3.215173
2.372521e+09	-63.82103	-64.36322	0.1502789
2.372587e+09	-63.82682	-64.699783	3.444947
2.3726531e+09	-63.833	-64.553299	0.81897479
2.3727201e+09	-63.837761	-64.276466	2.1889529
2.3727859e+09	-63.843552	-64.306587	1.608284
2.372852e+09	-63.849312	-64.367523	2.330179
2.372918e+09	-63.854969	-64.55056	1.807052
2.3729841e+09	-63.860062	-64.198708	2.207757
