2.3129651e+09	-62.970669	-63.768341	8.2637196
2.3130309e+09	-62.969139	-64.185623	6.953001
2.313097e+09	-62.96714	-63.86359	7.300231
2.313164e+09	-62.965969	-63.83773	9.2997704
2.3132301e+09	-62.964218	-63.924389	7.5821619
2.3132959e+09	-62.962891	-63.86562	7.631114
2.3133619e+09	-62.961571	-63.438541	8.2758942
2.313428e+09	-62.960018	-63.850231	7.9497862
2.313494e+09	-62.957378	-63.94944	6.9734869
2.3135601e+09	-62.95657	-63.402561	8.2477493
2.3136261e+09	-62.95541	-63.73185	8.8977137
2.3136919e+09	-62.954041	-63.55862	5.315321
2.313758e+09	-62.952259	-63.807678	9.9858093
2.313825e+09	-62.950771	-63.681999	9.7689943
2.3138911e+09	-62.94931	-63.571281	7.2365489
2.3139571e+09	-62.947369	-63.611759	7.0778689
2.3140229e+09	-62.946152	-63.69059	7.3665938
2.314089e+09	-62.945148	-63.91972	8.7362261
2.314155e+09	-62.943241	-63.640911	7.692225
2.3142211e+09	-62.942032	-63.61562	7.6345758
2.3142871e+09	-62.939651	-63.571331	7.944756
2.3143529e+09	-62.93821	-63.475681	8.5923338
2.3144189e+09	-62.937012	-63.548222	7.4774289
2.314486e+09	-62.934559	-63.83152	7.1414881
2.3145521e+09	-62.934059	-63.762878	7.2399139
2.3146181e+09	-62.931938	-63.54348	5.4522562
2.3146839e+09	-62.92997	-63.552361	7.6951489
2.31475e+09	-62.928551	-64.004822	8.1909561
2.314816e+09	-62.927841	-63.544418	7.113533
2.314882e+09	-62.925739	-63.630611	7.0444341
2.3149481e+09	-62.924171	-63.670269	8.2876968
2.3150139e+09	-62.922001	-63.840511	6.3681049
2.3150799e+09	-62.920502	-63.58968	5.9436092
2.315146e+09	-62.918381	-63.52951	9.8487473
2.3152131e+09	-62.917011	-63.66478	6.5518861
2.3152791e+09	-62.91555	-63.623112	7.358108
2.3153449e+09	-62.913139	-63.638191	7.3928041
2.3154109e+09	-62.911671	-63.660858	8.7060661
2.315477e+09	-62.910191	-63.453259	8.2059183
2.315543e+09	-62.908039	-63.661819	6.7786541
2.3156091e+09	-62.906651	-63.68663	5.8912048
2.3156749e+09	-62.90514	-63.666351	9.7213898
2.3157409e+09	-62.90308	-63.811119	7.4354172
2.315807e+09	-62.901161	-63.760872	6.8737998
2.315874e+09	-62.899349	-63.657028	7.6750689
2.3159401e+09	-62.897629	-63.682949	7.9235868
2.3160059e+09	-62.89587	-63.673481	6.4897022
2.3160719e+09	-62.893921	-63.74131	6.4361281
2.316138e+09	-62.891861	-63.443619	7.3816252
2.316204e+09	-62.89035	-63.518002	7.7757668
2.3162701e+09	-62.888641	-63.822491	8.3105211
2.3163361e+09	-62.8866	-63.7621	7.0912242
2.3164019e+09	-62.884392	-63.495911	5.6176472
2.316468e+09	-62.882721	-63.679138	7.796361
2.316535e+09	-62.88126	-63.622551	7.3256721
2.3166011e+09	-62.87923	-63.697632	7.7023778
2.3166669e+09	-62.87735	-63.545132	5.8709998
2.3167329e+09	-62.875221	-63.740849	8.727643
2.316799e+09	-62.87315	-63.56385	8.4799614
2.316865e+09	-62.87191	-63.814461	8.6470261
2.3169311e+09	-62.86911	-63.520611	8.5156879
2.3169971e+09	-62.867779	-63.729801	6.4175072
2.3170629e+09	-62.865479	-63.703281	7.6261988
2.317129e+09	-62.864128	-63.612579	7.2743621
2.317196e+09	-62.861759	-63.488079	7.2823501
2.3172621e+09	-62.85997	-63.349049	6.851027
2.3173279e+09	-62.85817	-63.494541	7.6214938
2.3173939e+09	-62.85598	-63.840778	7.1139178
2.31746e+09	-62.853939	-63.667992	7.066328
2.317526e+09	-62.852692	-63.510651	7.1026068
2.3175921e+09	-62.85006	-63.560951	7.0875869
2.3176581e+09	-62.848122	-63.59391	7.670373
2.3177239e+09	-62.84623	-63.643841	4.8824039
2.31779e+09	-62.844719	-63.443321	6.535625
2.317857e+09	-62.84256	-63.759769	7.620111
2.3179231e+09	-62.840099	-63.469028	7.5012522
2.3179891e+09	-62.83852	-63.594749	7.1928382
2.3180549e+09	-62.836479	-63.316139	6.8902512
2.318121e+09	-62.834011	-63.51553	7.5845971
2.318187e+09	-62.832279	-63.445679	7.8755732
2.3182531e+09	-62.829979	-63.4338	6.8931532
2.3183191e+09	-62.82811	-63.46357	6.010253
2.3183849e+09	-62.825989	-63.42334	6.3198652
2.3184509e+09	-62.823471	-63.354431	7.1786618
2.318518e+09	-62.821468	-63.748569	8.3814774
2.3185841e+09	-62.820049	-63.665218	3.6988809
2.3186501e+09	-62.817509	-63.872391	5.6697898
2.3187159e+09	-62.815922	-63.5364	7.1726542
2.318782e+09	-62.813469	-63.186989	6.4012618
2.318848e+09	-62.81118	-63.29039	8.5600281
2.318914e+09	-62.809238	-63.587929	7.5333371
2.3189801e+09	-62.8064	-63.58366	8.6666632
2.3190459e+09	-62.805061	-63.280399	7.6392689
2.3191119e+09	-62.803108	-63.334702	7.7482271
2.319178e+09	-62.801311	-63.647289	8.1307688
2.3192451e+09	-62.799358	-63.669258	6.7135692
2.3193111e+09	-62.796959	-63.48954	6.7572188
2.3193769e+09	-62.794819	-63.417252	5.977056
2.3194429e+09	-62.79295	-63.39896	6.1530209
2.319509e+09	-62.790821	-63.7854	6.644454
2.319575e+09	-62.788651	-63.101009	4.8096352
2.3196411e+09	-62.78651	-63.64558	9.2636986
2.3197069e+09	-62.784199	-63.208118	6.17379
2.3197729e+09	-62.78196	-63.13039	5.1093092
2.319839e+09	-62.779739	-63.5909	5.5858788
2.319906e+09	-62.777	-63.508541	5.6709528
2.3199721e+09	-62.775429	-63.43317	7.2407632
2.3200379e+09	-62.773178	-63.356049	4.2422328
2.3201039e+09	-62.77129	-63.449261	4.9104018
2.32017e+09	-62.76894	-63.7383	5.9319172
2.320236e+09	-62.766682	-63.518742	7.1214628
2.3203021e+09	-62.764702	-63.385101	8.0610771
2.3203681e+09	-62.761768	-63.41003	5.7550521
2.3204339e+09	-62.759972	-63.28294	6.8820958
2.3205e+09	-62.758011	-63.528881	6.3585811
2.320567e+09	-62.755871	-63.706001	6.0869069
2.3206331e+09	-62.753399	-63.461418	8.1496468
2.3206989e+09	-62.751461	-63.2873	6.3187399
2.3207649e+09	-62.74852	-63.607342	5.6027832
2.320831e+09	-62.747089	-63.318821	6.6517649
2.320897e+09	-62.744419	-63.440399	7.8510308
2.3209631e+09	-62.742031	-63.31424	6.883575
2.3210291e+09	-62.74052	-63.58226	5.9364028
2.3210949e+09	-62.737572	-63.522209	6.5266871
2.321161e+09	-62.734791	-63.307339	5.070262
2.321228e+09	-62.733421	-63.614021	7.2014971
2.3212941e+09	-62.73074	-63.24522	6.590816
2.3213599e+09	-62.729141	-63.178741	5.2133012
2.3214259e+09	-62.72633	-63.332821	7.3332429
2.321492e+09	-62.72438	-63.070728	5.1971631
2.321558e+09	-62.722012	-62.971909	7.4392738
2.3216241e+09	-62.719929	-63.42931	8.6200104
2.3216901e+09	-62.71727	-63.245972	8.3404703
2.3217559e+09	-62.715191	-63.484409	7.2418981
2.321822e+09	-62.712669	-63.499599	7.6965842
2.321889e+09	-62.710258	-63.559841	7.5170298
2.3219551e+09	-62.708389	-63.051102	6.432538
2.3220211e+09	-62.70594	-63.346279	6.1561689
2.3220869e+09	-62.702969	-63.35611	6.0517721
2.322153e+09	-62.701302	-63.489029	5.0456848
2.322219e+09	-62.698372	-63.177811	8.6206264
2.3222851e+09	-62.69651	-63.289822	8.2300949
2.3223511e+09	-62.694752	-63.183151	6.6157861
2.3224169e+09	-62.692329	-63.391289	5.6559639
2.3224829e+09	-62.689621	-63.7132	8.2665119
2.32255e+09	-62.687462	-63.223251	5.7302232
2.3226161e+09	-62.685299	-63.45752	6.6202621
2.3226821e+09	-62.682968	-63.269279	6.5666561
2.3227479e+09	-62.68095	-63.490639	7.3194709
2.322814e+09	-62.678249	-63.35603	5.983942
2.32288e+09	-62.675369	-63.109001	5.5057421
2.322946e+09	-62.67358	-63.609921	5.3052859
2.3230121e+09	-62.671558	-63.301781	7.115356
2.3230779e+09	-62.668781	-63.434731	5.681797
2.3231439e+09	-62.666248	-63.366341	4.5486379
2.32321e+09	-62.664341	-63.2356	5.7780852
2.3232771e+09	-62.662552	-63.355862	5.0925169
2.3233431e+09	-62.659142	-63.188919	5.3628879
2.3234089e+09	-62.656681	-63.221111	5.1443481
2.3234749e+09	-62.654549	-63.363129	6.463954
2.323541e+09	-62.652512	-63.304668	5.3259749
2.323607e+09	-62.650261	-63.170059	5.6785522
2.3236731e+09	-62.647381	-63.110241	4.8339901
2.3237389e+09	-62.645489	-63.24929	5.495759
2.3238049e+09	-62.64291	-63.363178	5.7665138
2.323871e+09	-62.640228	-63.188412	6.5792341
2.323938e+09	-62.63776	-63.190159	7.7239318
2.3240041e+09	-62.635052	-63.206032	4.5757818
2.3240699e+09	-62.633099	-63.395458	6.7095551
2.3241359e+09	-62.630951	-63.256142	5.9425049
2.324202e+09	-62.628139	-63.248852	4.6503811
2.324268e+09	-62.625198	-63.31918	6.1172848
2.3243341e+09	-62.622879	-63.096581	6.1332579
2.3244001e+09	-62.620041	-62.959881	3.9031031
2.3244659e+09	-62.61784	-63.28698	6.4034839
2.324532e+09	-62.615009	-63.092411	5.9006701
2.324599e+09	-62.613178	-63.041481	5.053884
2.3246651e+09	-62.610241	-63.361252	4.4850998
2.3247309e+09	-62.60722	-63.34087	4.3018379
2.3247969e+09	-62.604671	-63.242142	4.7625408
2.324863e+09	-62.60268	-63.22847	7.5719728
2.324929e+09	-62.60001	-63.068668	4.8059969
2.3249951e+09	-62.597542	-63.063099	5.6903758
2.3250611e+09	-62.595009	-62.885208	6.477694
2.3251269e+09	-62.592152	-63.343922	4.946681
2.325194e+09	-62.589581	-62.911709	4.421567
2.32526e+09	-62.587009	-63.282501	5.6246262
2.3253261e+09	-62.584209	-63.061951	3.895478
2.3253919e+09	-62.581879	-62.963131	3.0351291
2.3254579e+09	-62.579201	-62.989109	3.3995831
2.325524e+09	-62.576591	-63.259911	4.4901562
2.32559e+09	-62.573589	-62.963249	4.8143711
2.3256561e+09	-62.571018	-63.123901	5.756628
2.3257221e+09	-62.56831	-63.144772	4.475565
2.3257879e+09	-62.565659	-63.096062	5.0250902
2.325855e+09	-62.563519	-63.11842	5.5800328
2.325921e+09	-62.559959	-62.892479	6.090683
2.3259871e+09	-62.557961	-62.998482	4.1432362
2.3260531e+09	-62.555012	-62.959919	4.6205678
2.3261189e+09	-62.552681	-63.077888	3.2046361
2.326185e+09	-62.549641	-63.201759	5.4567142
2.326251e+09	-62.54686	-63.024132	4.4385662
2.3263171e+09	-62.544182	-63.143978	3.9590809
2.3263831e+09	-62.541859	-62.997261	3.5017099
2.3264489e+09	-62.53883	-62.871578	4.053298
2.326516e+09	-62.536499	-63.129181	4.5570788
2.326582e+09	-62.533081	-63.069569	4.7448068
2.3266481e+09	-62.529732	-63.211868	4.2075639
2.3267141e+09	-62.527431	-63.035019	3.593935
2.3267799e+09	-62.524818	-62.84856	5.6924329
2.326846e+09	-62.521278	-63.196301	3.5962369
2.326912e+09	-62.518768	-62.848511	4.637044
2.326978e+09	-62.51572	-62.848671	1.501614
2.3270441e+09	-62.51289	-63.199348	3.1668601
2.3271099e+09	-62.510262	-63.25967	5.2327571
2.327177e+09	-62.507259	-63.074032	2.0785279
2.327243e+09	-62.504791	-63.040661	2.1977389
2.3273091e+09	-62.501942	-62.933708	4.3346419
2.3273751e+09	-62.498619	-62.924999	3.485286
2.3274409e+09	-62.496021	-63.235039	3.749454
2.3275069e+09	-62.492668	-63.173248	3.6293881
2.327573e+09	-62.490429	-62.872139	5.2263088
2.327639e+09	-62.486919	-63.0821	1.987874
2.3277051e+09	-62.48386	-62.893261	3.040755
2.3277709e+09	-62.480572	-63.011028	4.1231561
2.327838e+09	-62.47805	-63.030731	1.7880909
2.327904e+09	-62.474979	-63.072948	0.62408388
2.32797e+09	-62.471828	-62.988838	3.7708969
2.3280361e+09	-62.468948	-62.923409	3.766557
2.3281019e+09	-62.466358	-63.035831	2.7093811
2.3281679e+09	-62.46262	-62.853371	3.950182
2.328234e+09	-62.459751	-62.989399	2.644254
2.3283e+09	-62.45594	-62.969528	3.136364
2.3283661e+09	-62.453178	-62.711189	3.097018
2.3284321e+09	-62.45084	-62.716961	2.1173699
2.3284989e+09	-62.447392	-62.837151	1.889014
2.328565e+09	-62.443901	-62.59951	1.364031
2.328631e+09	-62.441261	-62.897179	2.9363589
2.3286971e+09	-62.438171	-62.906799	1.7701581
2.3287629e+09	-62.434849	-62.941391	0.20133521
2.3288289e+09	-62.431599	-63.148411	3.3912849
2.328895e+09	-62.428059	-62.808338	1.4322211
2.328961e+09	-62.42511	-62.804619	2.1393969
2.3290271e+09	-62.421398	-62.635422	1.087905
2.3290931e+09	-62.418499	-62.906231	2.9492099
2.3291599e+09	-62.415241	-62.91901	1.836153
2.329226e+09	-62.41206	-62.48595	3.0180681
2.329292e+09	-62.409389	-62.842941	1.346294
2.3293581e+09	-62.406101	-62.793442	1.213292
2.3294239e+09	-62.402458	-62.884521	4.470211
2.3294899e+09	-62.399391	-62.812801	3.009088
2.329556e+09	-62.396049	-62.765369	1.370806
2.329622e+09	-62.391918	-62.77404	1.148069
2.3296881e+09	-62.389229	-62.775131	1.109742
2.3297549e+09	-62.386139	-62.81498	1.764501
2.3298209e+09	-62.382759	-62.99147	1.9961931
2.329887e+09	-62.379269	-62.994678	1.016863
2.329953e+09	-62.375641	-62.593102	0.95456409
2.3300191e+09	-62.371819	-62.891109	1.209825
2.3300851e+09	-62.368969	-62.898891	0.98527002
2.3301509e+09	-62.365372	-62.727699	0.91601789
2.330217e+09	-62.36174	-62.641602	1.26322
2.330283e+09	-62.358082	-62.785511	1.149008
2.3303491e+09	-62.35511	-62.792599	2.9829719
2.3304161e+09	-62.351971	-62.753841	-0.0051353681
2.3304819e+09	-62.348202	-63.022449	1.541137
2.330548e+09	-62.344631	-62.732281	1.745178
2.330614e+09	-62.341438	-62.660439	0.72845048
2.3306801e+09	-62.337608	-62.681568	0.46294639
2.3307461e+09	-62.334099	-62.788319	1.012484
2.3308119e+09	-62.330841	-62.7103	-1.319936
2.330878e+09	-62.32703	-62.61882	0.92624968
2.330944e+09	-62.323471	-62.787041	0.4609645
2.33101e+09	-62.319408	-62.88372	0.69782478
2.3310771e+09	-62.316341	-62.748859	1.539233
2.3311429e+09	-62.312679	-62.50222	0.30688459
2.331209e+09	-62.3088	-62.48177	-0.49053031
2.331275e+09	-62.305119	-62.762009	-0.38383251
2.3313411e+09	-62.301991	-62.95784	0.1209289
2.3314071e+09	-62.298	-62.604641	-0.78043699
2.3314729e+09	-62.294201	-62.658772	-1.147018
2.3315389e+09	-62.29113	-62.528599	-1.1452039
2.331605e+09	-62.287151	-62.816479	-1.0338269
2.331671e+09	-62.283981	-62.682159	-0.1647213
2.3317381e+09	-62.28009	-62.637169	-2.794955
2.3318039e+09	-62.276749	-62.698341	-1.332803
2.33187e+09	-62.273319	-62.599869	-1.153658
2.331936e+09	-62.2691	-62.632938	1.440161
2.332002e+09	-62.265701	-62.52739	-1.979946
2.3320681e+09	-62.260979	-62.464481	-2.7159131
2.3321339e+09	-62.257332	-62.538761	-0.1074032
2.3321999e+09	-62.254169	-62.790359	-1.79246
2.332266e+09	-62.250111	-62.354271	-3.1851079
2.332332e+09	-62.246689	-62.733292	-0.67175519
2.3323991e+09	-62.242519	-62.4561	-2.673058
2.3324649e+09	-62.23848	-62.691029	-3.8618741
2.3325309e+09	-62.23558	-62.436871	-3.090837
2.332597e+09	-62.231041	-62.629189	-3.134259
2.332663e+09	-62.228062	-62.710579	-1.9590859
2.3327291e+09	-62.223911	-62.69836	-3.5805299
2.3327949e+09	-62.219952	-62.448528	-1.651492
2.3328609e+09	-62.215889	-62.68515	-3.9656911
2.332927e+09	-62.212749	-62.449741	-3.201268
2.332993e+09	-62.208488	-62.688492	-3.654891
2.3330601e+09	-62.205002	-62.39465	-2.612828
2.3331259e+09	-62.201031	-62.593658	-3.941788
2.3331919e+09	-62.196991	-62.388088	-1.557434
2.333258e+09	-62.193199	-62.760849	-3.6119571
2.333324e+09	-62.189259	-62.50465	-2.8127551
2.3333901e+09	-62.185001	-62.398739	-2.251447
2.3334559e+09	-62.1814	-62.591911	-3.232044
2.3335219e+09	-62.177292	-62.58007	-4.9727292
2.333588e+09	-62.17366	-62.541882	-5.8386369
2.333655e+09	-62.170158	-62.342152	-4.8923841
2.3337211e+09	-62.165791	-62.67831	-5.58391
2.3337869e+09	-62.161251	-62.608002	-5.2228971
2.3338529e+09	-62.158329	-62.945278	-2.6046021
2.333919e+09	-62.154259	-62.355968	-5.9327559
2.333985e+09	-62.150181	-62.711182	-4.4637341
2.3340511e+09	-62.146549	-62.279331	-3.9845631
2.3341171e+09	-62.142929	-62.561138	-5.551692
2.3341829e+09	-62.138908	-62.57243	-6.0358839
2.334249e+09	-62.13451	-62.491699	-5.5463281
2.334316e+09	-62.13052	-62.564758	-5.8282428
2.3343821e+09	-62.127022	-62.596401	-6.7000198
2.3344481e+09	-62.122719	-62.758942	-5.1544132
2.3345139e+09	-62.11861	-62.491859	-6.1205359
2.33458e+09	-62.114689	-62.602379	-5.6767459
2.334646e+09	-62.110958	-62.382832	-6.322257
2.3347121e+09	-62.10659	-62.670979	-7.174603
2.3347781e+09	-62.10313	-62.512718	-6.8197112
2.3348439e+09	-62.098949	-62.282059	-7.172904
2.33491e+09	-62.095219	-62.347851	-6.7456951
2.334977e+09	-62.090809	-62.164181	-7.9786892
2.3350431e+09	-62.08744	-62.364262	-7.0242901
2.3351091e+09	-62.083179	-62.33799	-8.7637339
2.3351749e+09	-62.078819	-62.425831	-7.7924309
2.335241e+09	-62.07502	-62.370861	-9.2115364
2.335307e+09	-62.071388	-62.348652	-8.8941326
2.3353731e+09	-62.067211	-62.40284	-10.14327
2.3354391e+09	-62.062988	-62.604382	-9.9519663
2.3355049e+09	-62.059429	-62.503571	-7.6701608
2.3355709e+09	-62.055721	-62.310509	-9.8558331
2.335638e+09	-62.051998	-62.42506	-9.8139639
2.3357041e+09	-62.0476	-62.44648	-9.9441957
2.3357701e+09	-62.043221	-62.463741	-8.4669437
2.3358359e+09	-62.039871	-62.592609	-11.19399
2.335902e+09	-62.035412	-62.663559	-9.6366749
2.335968e+09	-62.031929	-62.46283	-9.9838352
2.336034e+09	-62.027821	-62.457821	-9.2761717
2.3361001e+09	-62.023819	-62.370689	-10.37937
2.3361659e+09	-62.020271	-62.60133	-9.2333851
2.3362319e+09	-62.016369	-62.331429	-11.15689
2.336298e+09	-62.011639	-62.395031	-11.52288
2.3363651e+09	-62.00853	-62.703251	-12.63582
2.3364311e+09	-62.003971	-62.691051	-10.2358
2.3364969e+09	-62.00021	-62.408852	-11.56511
2.3365629e+09	-61.996422	-62.37645	-11.16179
2.336629e+09	-61.992458	-62.83094	-11.45541
2.336695e+09	-61.988811	-62.200249	-12.42308
2.3367611e+09	-61.98502	-62.38496	-13.03198
2.3368269e+09	-61.980751	-62.278351	-10.92686
2.3368929e+09	-61.976742	-62.471561	-12.97867
2.336959e+09	-61.973438	-62.507511	-15.00641
2.337026e+09	-61.969009	-62.632252	-15.58572
2.3370921e+09	-61.965351	-62.361111	-14.62469
2.3371579e+09	-61.96104	-62.54953	-13.49148
2.3372239e+09	-61.957001	-62.625881	-13.36779
2.33729e+09	-61.953239	-62.474312	-14.95407
2.337356e+09	-61.949821	-62.410332	-16.45047
2.3374221e+09	-61.945091	-62.57626	-15.3235
2.3374879e+09	-61.941002	-62.615921	-14.63791
2.3375539e+09	-61.936901	-62.674839	-15.28739
2.33762e+09	-61.933449	-62.69088	-17.158489
2.337687e+09	-61.929451	-62.479771	-15.93096
2.3377531e+09	-61.925079	-62.457809	-17.158461
2.3378189e+09	-61.921299	-62.35104	-16.6397
2.3378849e+09	-61.91777	-62.61895	-15.74345
2.337951e+09	-61.913311	-62.718201	-17.070061
2.338017e+09	-61.909538	-62.449902	-16.7645
2.3380831e+09	-61.905949	-62.729851	-17.792179
2.3381491e+09	-61.901951	-62.578289	-17.57868
2.3382149e+09	-61.898418	-62.74374	-20.27244
2.338281e+09	-61.895119	-62.563869	-19.50679
2.338348e+09	-61.891102	-62.923061	-19.723221
2.3384141e+09	-61.888039	-62.712299	-18.42491
2.3384801e+09	-61.88422	-62.675968	-19.248039
2.3385459e+09	-61.880619	-62.627071	-18.79018
2.338612e+09	-61.87685	-62.87141	-18.887871
2.338678e+09	-61.873711	-62.474049	-20.69092
2.3387441e+09	-61.869808	-62.707432	-21.31786
2.3388101e+09	-61.86655	-62.888859	-21.047649
2.3388759e+09	-61.862911	-62.830391	-20.24012
2.338942e+09	-61.85994	-62.858528	-20.41214
2.339009e+09	-61.855801	-63.033932	-23.10817
2.3390751e+09	-61.853168	-63.006699	-22.090099
2.3391411e+09	-61.849739	-62.908249	-22.567301
2.3392069e+09	-61.846668	-63.020119	-24.19014
2.339273e+09	-61.842979	-63.446449	-23.46715
2.339339e+09	-61.83952	-62.85667	-23.93865
2.3394051e+09	-61.836681	-62.850449	-23.403601
2.3394711e+09	-61.83353	-63.366779	-25.31913
2.3395369e+09	-61.830002	-63.251228	-24.34642
2.3396029e+09	-61.82719	-63.23875	-25.531811
2.33967e+09	-61.823711	-63.218288	-25.8211
2.3397361e+09	-61.82056	-63.39452	-27.458521
2.3398021e+09	-61.81712	-63.400459	-27.33901
2.3398679e+09	-61.814129	-63.370819	-27.32909
2.339934e+09	-61.81105	-63.275311	-27.429411
2.34e+09	-61.80835	-63.790459	-29.62978
2.340066e+09	-61.804562	-63.28017	-27.902889
2.3401321e+09	-61.802212	-63.604649	-31.93428
2.3401979e+09	-61.79892	-63.774521	-30.50794
2.3402639e+09	-61.79628	-63.67244	-30.20929
2.34033e+09	-61.79327	-63.807209	-29.95652
2.3403971e+09	-61.790421	-63.754478	-31.235399
2.3404631e+09	-61.787552	-63.936741	-29.56823
2.3405289e+09	-61.784721	-63.972309	-32.287258
2.3405949e+09	-61.78117	-64.198799	-33.327648
2.340661e+09	-61.77821	-63.94487	-33.032928
2.340727e+09	-61.77544	-64.429939	-31.52199
2.3407931e+09	-61.773399	-63.870548	-34.563869
2.3408589e+09	-61.770611	-64.119453	-33.91048
2.3409249e+09	-61.76762	-64.454224	-33.78756
2.340991e+09	-61.765228	-64.499893	-33.914108
2.341058e+09	-61.762348	-64.463348	-36.042171
2.3411241e+09	-61.759899	-64.735474	-35.836788
2.3411899e+09	-61.75631	-65.09536	-32.50032
2.3412559e+09	-61.754261	-65.074806	-38.657761
2.341322e+09	-61.751511	-65.163452	-37.086819
2.341388e+09	-61.749329	-64.994781	-36.830589
2.3414541e+09	-61.74675	-65.020119	-37.233799
2.3415199e+09	-61.743969	-65.313202	-41.30035
2.3415859e+09	-61.74168	-64.944107	-36.096272
2.341652e+09	-61.739319	-65.25457	-37.581108
2.341719e+09	-61.737099	-65.777527	-39.115471
2.3417851e+09	-61.734921	-65.633636	-39.233521
2.3418509e+09	-61.731949	-65.92305	-41.6488
2.3419169e+09	-61.730259	-66.051773	-38.719818
2.341983e+09	-61.727909	-66.086349	-40.758862
2.342049e+09	-61.72596	-66.337769	-41.521511
2.3421151e+09	-61.7234	-66.295029	-42.519241
2.3421811e+09	-61.721249	-66.622749	-41.927639
2.3422469e+09	-61.71954	-67.120232	-43.891609
2.342313e+09	-61.716911	-67.025513	-41.572601
2.34238e+09	-61.7146	-67.459808	-43.278759
2.3424461e+09	-61.713268	-67.617912	-44.02256
2.3425121e+09	-61.711361	-68.229042	-42.40588
2.3425779e+09	-61.708981	-67.587257	-43.527828
2.342644e+09	-61.70715	-68.328262	-44.03912
2.34271e+09	-61.70549	-67.832176	-44.407131
2.3427761e+09	-61.7034	-68.447983	-45.082081
2.3428421e+09	-61.701309	-68.023788	-41.181709
2.3429079e+09	-61.700119	-68.843536	-41.952869
2.342974e+09	-61.6978	-68.883598	-40.46579
2.343041e+09	-61.696522	-68.795227	-42.37656
2.3431071e+09	-61.69453	-69.77327	-37.784729
2.3431731e+09	-61.693321	-70.764877	-43.484081
2.3432389e+09	-61.6912	-69.333199	-42.700722
2.343305e+09	-61.68956	-70.109428	-37.81245
2.343371e+09	-61.687939	-69.654861	-39.63023
2.3434371e+09	-61.686939	-71.160263	-35.741348
2.3435031e+09	-61.684971	-70.931839	-36.049961
2.3435689e+09	-61.68375	-70.782501	-33.26667
2.3436349e+09	-61.682709	-70.935143	-38.3307
2.343702e+09	-61.680691	-71.628723	-32.375252
2.3437681e+09	-61.679871	-71.330742	-30.82489
2.3438341e+09	-61.67873	-71.846657	-36.182758
2.3438999e+09	-61.677349	-71.900421	-32.132648
2.343966e+09	-61.676491	-71.949799	-27.32225
2.344032e+09	-61.674561	-72.912209	-22.048719
2.344098e+09	-61.674221	-72.982277	-24.8955
2.3441641e+09	-61.672699	-72.715149	-25.830259
2.3442299e+09	-61.67141	-72.463577	-25.73563
2.3442959e+09	-61.670872	-73.056419	-18.81074
2.344362e+09	-61.669682	-72.64418	-18.295321
2.3444291e+09	-61.66835	-73.712143	-17.93207
2.3444951e+09	-61.668079	-73.479187	-13.89132
2.3445609e+09	-61.666981	-73.495911	-11.32501
2.3446269e+09	-61.666161	-72.479477	-9.9927807
2.344693e+09	-61.665279	-72.916931	-3.2384
2.344759e+09	-61.66494	-72.800461	-0.1391
2.3448251e+09	-61.663849	-73.107536	-6.1047239
2.3448909e+09	-61.663479	-73.248947	-0.075205147
2.3449569e+09	-61.662979	-72.80471	4.0983028
2.345023e+09	-61.66235	-73.361992	0.2278582
2.34509e+09	-61.661861	-72.75663	4.9094291
2.3451561e+09	-61.660999	-73.44503	7.3242168
2.3452219e+09	-61.66061	-72.798111	6.7528291
2.3452879e+09	-61.660488	-72.911926	11.03428
2.345354e+09	-61.65958	-72.620201	10.34173
2.34542e+09	-61.659431	-71.940666	13.78074
2.3454861e+09	-61.659039	-71.589218	13.58398
2.3455519e+09	-61.658909	-72.073051	12.40522
2.3456179e+09	-61.658829	-71.719116	12.86207
2.345684e+09	-61.658821	-71.841583	15.47716
2.345751e+09	-61.658291	-71.07209	14.14829
2.3458171e+09	-61.658562	-71.097557	18.118401
2.3458829e+09	-61.658642	-71.406418	15.51673
2.3459489e+09	-61.658581	-70.590057	20.625759
2.346015e+09	-61.658379	-70.615158	18.98105
2.346081e+09	-61.65868	-69.789452	20.405701
2.3461471e+09	-61.658569	-70.400467	22.01796
2.3462131e+09	-61.659321	-69.85881	20.78314
2.3462789e+09	-61.659451	-70.137833	22.450609
2.346345e+09	-61.65963	-70.116318	18.579729
2.346412e+09	-61.660221	-69.400558	19.50461
2.3464781e+09	-61.659599	-69.363281	24.06748
2.3465441e+09	-61.66087	-69.320969	25.49365
2.3466099e+09	-61.660919	-69.617912	26.2185
2.346676e+09	-61.661831	-69.278358	22.46623
2.346742e+09	-61.661812	-69.204643	24.462391
2.3468081e+09	-61.66264	-68.49424	24.823311
2.3468741e+09	-61.663448	-68.781418	22.50647
2.3469399e+09	-61.664242	-68.971748	25.098801
2.347007e+09	-61.66468	-68.950142	23.949039
2.347073e+09	-61.665352	-68.522652	24.011721
2.3471391e+09	-61.666149	-68.354568	22.65295
2.3472051e+09	-61.666801	-68.159523	26.525471
2.3472709e+09	-61.667469	-68.171883	25.05854
2.347337e+09	-61.669048	-67.797913	25.77634
2.347403e+09	-61.670139	-67.996719	21.810459
2.3474691e+09	-61.670849	-68.365417	22.81769
2.3475351e+09	-61.672131	-67.471581	25.139669
2.3476009e+09	-61.673092	-67.514442	24.44401
2.347668e+09	-61.673969	-67.838928	22.85301
2.347734e+09	-61.675571	-67.5009	24.26029
2.3478001e+09	-61.676529	-67.662582	22.61673
2.3478661e+09	-61.677872	-67.16539	23.565809
2.3479319e+09	-61.678982	-67.75898	21.633459
2.347998e+09	-61.680302	-67.211739	22.009171
2.348064e+09	-61.681671	-67.162567	23.083241
2.34813e+09	-61.683151	-66.864403	23.77383
2.3481961e+09	-61.684792	-67.270142	21.936399
2.3482619e+09	-61.68631	-66.957253	20.03499
2.348329e+09	-61.687469	-67.08905	23.414921
2.348395e+09	-61.689522	-66.68869	23.82476
2.3484611e+09	-61.691399	-66.420113	25.732809
2.3485271e+09	-61.69334	-66.582222	23.95046
2.3485929e+09	-61.695129	-67.02095	19.672621
2.3486589e+09	-61.696571	-66.460602	18.89768
2.348725e+09	-61.698521	-66.505493	22.68198
2.348791e+09	-61.700691	-66.744759	20.428129
2.3488571e+09	-61.702068	-66.623123	19.14311
2.3489229e+09	-61.704079	-66.251373	19.85754
2.34899e+09	-61.706139	-66.222412	19.39422
2.349056e+09	-61.70845	-66.156128	20.936529
2.349122e+09	-61.710659	-66.338417	20.022169
2.3491881e+09	-61.713181	-66.040138	23.645411
2.3492539e+09	-61.71529	-66.341942	21.615129
2.3493199e+09	-61.71756	-65.738762	20.987379
2.349386e+09	-61.720242	-66.405319	20.9228
2.349452e+09	-61.722408	-65.790657	20.79089
2.3495181e+09	-61.724731	-65.789558	18.962919
2.3495839e+09	-61.72789	-65.852112	20.342131
2.3496509e+09	-61.730259	-65.654907	19.636021
2.349717e+09	-61.732792	-65.753738	20.170179
2.349783e+09	-61.735569	-65.981812	16.744671
2.3498491e+09	-61.738522	-65.523102	19.149981
2.3499149e+09	-61.74155	-65.775833	20.60393
2.3499809e+09	-61.744308	-65.238869	18.523121
2.350047e+09	-61.747189	-65.428413	18.00931
2.350113e+09	-61.749901	-65.375053	18.823339
2.3501791e+09	-61.753239	-65.577461	17.4142
2.3502451e+09	-61.75581	-65.634377	17.024839
2.3503119e+09	-61.758808	-65.182213	20.38287
2.350378e+09	-61.763	-65.575996	18.46154
2.350444e+09	-61.765751	-65.231987	18.96081
2.3505101e+09	-61.768532	-65.271927	17.065861
2.3505761e+09	-61.771851	-65.03672	18.247459
2.3506419e+09	-61.774891	-65.436089	16.259159
2.350708e+09	-61.778061	-65.174026	16.458139
2.350774e+09	-61.7812	-65.25341	16.697981
2.3508401e+09	-61.784069	-65.406418	17.825359
2.3509069e+09	-61.787319	-65.439934	18.49745
2.3509729e+09	-61.79142	-65.128891	16.692341
2.351039e+09	-61.794189	-65.182899	15.29395
2.351105e+09	-61.798	-64.809418	16.46162
2.3511711e+09	-61.801788	-64.731499	16.07305
2.3512371e+09	-61.80447	-65.04911	16.35523
2.3513029e+09	-61.807961	-64.67292	15.34147
2.351369e+09	-61.811619	-64.886368	15.2385
2.351435e+09	-61.81559	-65.185089	15.5789
2.3515011e+09	-61.819099	-65.121269	16.329861
2.3515679e+09	-61.822571	-65.162979	13.87891
2.3516339e+09	-61.82653	-64.88607	15.78487
2.3517e+09	-61.829868	-64.679626	15.79638
2.351766e+09	-61.83392	-64.778358	15.46168
2.3518321e+09	-61.837601	-64.916977	14.98605
2.3518981e+09	-61.84169	-64.596878	15.42338
2.3519639e+09	-61.845139	-64.766609	15.17715
2.35203e+09	-61.849541	-64.602364	13.69698
2.352096e+09	-61.852909	-64.755951	14.12441
2.352162e+09	-61.85717	-64.70166	12.51412
2.3522291e+09	-61.860668	-64.700943	14.12882
2.3522949e+09	-61.865219	-64.617088	16.92218
2.352361e+09	-61.869251	-65.010078	12.08494
2.352427e+09	-61.873989	-64.586388	11.82467
2.3524931e+09	-61.87817	-64.965508	12.37128
2.3525591e+09	-61.88192	-64.889351	11.84509
2.3526249e+09	-61.886059	-64.632843	12.05408
2.3526909e+09	-61.890549	-64.687843	10.23167
2.352757e+09	-61.894958	-64.304764	15.09929
2.352823e+09	-61.89909	-64.484451	9.8831606
2.3528901e+09	-61.90353	-64.615837	12.68345
2.3529559e+09	-61.908001	-64.832779	11.58304
2.353022e+09	-61.912159	-64.365799	9.5024834
2.353088e+09	-61.916599	-64.60215	11.72064
2.353154e+09	-61.921371	-64.486076	11.32959
2.3532201e+09	-61.926449	-64.242737	12.80194
2.3532859e+09	-61.930511	-64.898209	11.8611
2.3533519e+09	-61.9361	-64.761017	11.59292
2.353418e+09	-61.93977	-64.905319	9.6854019
2.353484e+09	-61.944721	-64.549957	12.22364
2.3535511e+09	-61.949341	-64.5793	10.682
2.3536169e+09	-61.954609	-64.571091	10.53293
2.3536829e+09	-61.959251	-64.547722	8.6882772
2.353749e+09	-61.963779	-64.241028	8.349556
2.353815e+09	-61.968319	-64.413811	10.90354
2.3538811e+09	-61.973282	-64.49791	8.0512629
2.3539469e+09	-61.978432	-64.45681	10.18664
2.3540129e+09	-61.983898	-64.512817	11.92533
2.354079e+09	-61.98867	-64.249428	11.93568
2.354145e+09	-61.993511	-64.552383	9.7434788
2.3542121e+09	-61.998631	-64.346222	10.56668
2.3542779e+09	-62.00399	-64.385811	10.67242
2.3543439e+09	-62.009541	-64.376518	11.04519
2.35441e+09	-62.01453	-64.543381	9.3951244
2.354476e+09	-62.02005	-64.25087	9.3723402
2.3545421e+09	-62.025249	-64.255272	11.72571
2.3546081e+09	-62.030151	-64.527428	8.224967
2.3546739e+09	-62.036282	-64.32029	8.7104425
2.35474e+09	-62.041241	-64.396721	10.03755
2.354806e+09	-62.046768	-64.317711	9.2494869
2.3548731e+09	-62.052029	-64.249496	8.5149031
2.3549389e+09	-62.057789	-63.919231	9.0412455
2.3550049e+09	-62.063251	-64.398651	9.1264181
2.355071e+09	-62.068802	-64.217903	8.7448292
2.355137e+09	-62.073898	-64.081596	8.4410982
2.3552031e+09	-62.079601	-64.331467	9.00562
2.3552691e+09	-62.085701	-64.514374	10.31181
2.3553349e+09	-62.091	-64.163986	6.1738491
2.355401e+09	-62.09737	-64.405579	7.4483991
2.355468e+09	-62.102581	-64.404228	8.8240004
2.3555341e+09	-62.108131	-64.380508	6.9384189
2.3555999e+09	-62.114029	-64.493362	8.7374334
2.3556659e+09	-62.12027	-64.41732	8.1523514
2.355732e+09	-62.126251	-64.351479	6.9048471
2.355798e+09	-62.13216	-64.055321	8.4793615
2.3558641e+09	-62.138081	-64.146591	7.6428862
2.3559301e+09	-62.143681	-64.205673	6.171104
2.3559959e+09	-62.15028	-64.334381	5.4602609
2.356062e+09	-62.155602	-64.391037	6.923656
2.356129e+09	-62.16119	-64.46003	8.4294882
2.3561951e+09	-62.167332	-64.367493	6.8109002
2.3562611e+09	-62.173752	-64.261589	5.7906642
2.3563269e+09	-62.179729	-63.989449	6.9179702
2.356393e+09	-62.186211	-64.28167	8.5733671
2.356459e+09	-62.19149	-64.270638	6.302597
2.3565251e+09	-62.197899	-64.23439	7.38445
2.3565911e+09	-62.204552	-63.874851	5.2546072
2.3566569e+09	-62.209911	-64.265846	4.6159892
2.3567229e+09	-62.2164	-63.92453	7.402297
2.35679e+09	-62.22324	-64.244797	4.4905372
2.3568561e+09	-62.229752	-64.414841	4.4551382
2.3569221e+09	-62.23595	-64.287788	6.4094772
2.3569879e+09	-62.242039	-64.363792	7.269937
2.357054e+09	-62.248348	-64.230621	6.0973468
2.35712e+09	-62.254559	-64.29834	6.7773108
2.357186e+09	-62.260422	-64.407944	5.4625249
2.3572521e+09	-62.267021	-64.632019	4.7766938
2.3573179e+09	-62.273499	-64.197311	5.1146059
2.3573839e+09	-62.280102	-64.252602	5.3788829
2.35745e+09	-62.286442	-64.330643	5.3064699
2.3575171e+09	-62.29303	-64.332909	5.1607008
2.3575831e+09	-62.29929	-64.032471	4.211616
2.3576489e+09	-62.305988	-64.308723	8.3858843
2.3577149e+09	-62.312222	-64.234291	4.910594
2.357781e+09	-62.318588	-64.293602	4.7012172
2.357847e+09	-62.325039	-64.15799	5.8222532
2.3579131e+09	-62.33242	-64.148499	6.3816171
2.3579789e+09	-62.338249	-64.26609	4.8372488
2.3580449e+09	-62.345421	-64.197388	3.715168
2.358111e+09	-62.35173	-64.42424	4.1280551
2.358178e+09	-62.35796	-64.630959	4.4132581
2.3582441e+09	-62.364578	-64.272301	4.7289791
2.3583099e+09	-62.371811	-64.288559	4.4261432
2.3583759e+09	-62.378578	-64.393753	2.733614
2.358442e+09	-62.385509	-64.297859	4.5227318
2.358508e+09	-62.39201	-64.293419	3.239815
2.3585741e+09	-62.398479	-64.238182	5.5076661
2.3586401e+09	-62.40546	-64.165382	2.2641211
2.3587059e+09	-62.41164	-64.338608	3.821094
2.358772e+09	-62.419071	-64.351196	3.668956
2.358839e+09	-62.425529	-64.297203	3.224844
2.3589051e+09	-62.432049	-64.131607	6.0759358
2.3589709e+09	-62.439541	-64.516182	5.0388699
2.3590369e+09	-62.446468	-64.267097	3.366715
2.359103e+09	-62.452492	-64.103256	2.968204
2.359169e+09	-62.460121	-64.377693	3.836189
2.3592351e+09	-62.465961	-64.151413	3.353461
2.3593011e+09	-62.47364	-64.275909	3.9783549
2.3593669e+09	-62.480709	-64.40126	3.631115
2.359433e+09	-62.487251	-64.320679	2.4009149
2.3595e+09	-62.494041	-64.006187	3.1637149
2.3595661e+09	-62.500851	-64.633949	4.0587459
2.3596319e+09	-62.508011	-64.180199	1.5725271
2.3596979e+09	-62.514809	-64.562103	2.1041291
2.359764e+09	-62.52179	-64.33622	0.9983995
2.35983e+09	-62.528992	-64.213966	2.500036
2.3598961e+09	-62.53532	-64.257263	2.9425659
2.3599621e+09	-62.542389	-64.346451	2.5612299
2.3600279e+09	-62.549511	-63.992409	1.126163
2.360094e+09	-62.55685	-64.355904	1.80304
2.360161e+09	-62.563961	-64.429802	2.4945271
2.3602271e+09	-62.571079	-63.799721	1.959033
2.3602931e+09	-62.577572	-64.255508	1.683301
2.3603589e+09	-62.585171	-64.221443	2.8114719
2.360425e+09	-62.59203	-64.115829	1.981602
2.360491e+09	-62.598991	-64.407013	3.0839291
2.3605571e+09	-62.605881	-64.451561	2.016156
2.3606231e+09	-62.612751	-64.174438	2.261255
2.3606889e+09	-62.620461	-64.389053	2.220469
2.3607549e+09	-62.627861	-64.543022	1.99253
2.360822e+09	-62.634159	-64.754784	2.58566
2.3608881e+09	-62.641899	-64.242058	2.42748
2.3609541e+09	-62.648609	-64.252007	2.268368
2.3610199e+09	-62.654919	-64.0868	0.074669711
2.361086e+09	-62.663479	-64.387161	1.64334
2.361152e+09	-62.66983	-64.174217	0.01544799
2.361218e+09	-62.677662	-64.278526	0.87482673
2.3612841e+09	-62.684158	-64.472252	2.6771049
2.3613499e+09	-62.691639	-64.219437	1.114797
2.3614159e+09	-62.69812	-64.176666	0.53599918
2.361482e+09	-62.705269	-64.363487	2.7427349
2.3615491e+09	-62.712769	-64.464188	2.8188291
2.3616151e+09	-62.719292	-64.26403	2.9790859
2.3616809e+09	-62.727482	-64.326721	-0.162166
2.3617469e+09	-62.734509	-64.25602	-0.1126642
2.361813e+09	-62.741241	-64.423599	0.1225623
2.361879e+09	-62.74794	-64.508217	0.38851631
2.3619451e+09	-62.755852	-64.209084	-0.92234749
2.3620109e+09	-62.76292	-64.12619	1.655189
2.3620769e+09	-62.770031	-64.277023	0.97009838
2.362143e+09	-62.777012	-64.693199	3.358418
2.36221e+09	-62.784149	-64.572411	-0.064133383
2.3622761e+09	-62.791302	-64.207352	0.472056
2.3623419e+09	-62.798611	-64.569572	0.5481869
2.3624079e+09	-62.80653	-64.58638	-0.037961852
2.362474e+09	-62.81345	-64.457764	-1.151458
2.36254e+09	-62.820389	-64.799507	0.097654156
2.3626061e+09	-62.827499	-64.313461	2.9626009
2.3626721e+09	-62.834518	-64.659027	0.6269539
2.3627379e+09	-62.841888	-64.738449	0.53236067
2.362804e+09	-62.84906	-64.317963	1.2908829
2.362871e+09	-62.856449	-64.81044	1.974279
2.3629371e+09	-62.86322	-64.403603	1.202731
2.3630029e+09	-62.870899	-64.55101	0.89017761
2.3630689e+09	-62.878551	-64.440819	2.810214
2.363135e+09	-62.884819	-64.42086	1.418057
2.363201e+09	-62.89246	-64.373482	0.1868884
2.3632671e+09	-62.899681	-64.355057	1.412855
2.3633331e+09	-62.906368	-64.423393	1.308797
2.3633989e+09	-62.913261	-64.53727	0.9657591
2.363465e+09	-62.921249	-64.395531	0.83872229
2.363532e+09	-62.928429	-64.481079	-1.478039
2.3635981e+09	-62.93515	-64.534859	-0.1732589
2.3636639e+09	-62.94278	-64.566559	-0.41741359
2.3637299e+09	-62.949829	-64.700737	0.86816567
2.363796e+09	-62.956951	-64.500702	3.013386
2.363862e+09	-62.96402	-64.395958	-0.65337569
2.3639281e+09	-62.971588	-64.45565	0.2630057
2.3639941e+09	-62.978951	-64.499428	-0.3388373
2.3640599e+09	-62.985538	-64.628738	-0.97183752
2.364126e+09	-62.993111	-64.672974	1.255514
2.364193e+09	-62.99971	-64.376968	-0.97970599
2.3642591e+09	-63.006741	-64.587059	-1.138677
2.3643251e+09	-63.01432	-64.4608	-0.096082509
2.3643909e+09	-63.021912	-64.385468	0.96169901
2.364457e+09	-63.028858	-64.972488	-1.528457
2.364523e+09	-63.035839	-64.61364	0.19628771
2.3645891e+09	-63.042782	-64.512001	-0.35405141
2.3646551e+09	-63.049622	-64.489288	-0.87314057
2.3647209e+09	-63.057121	-64.48941	-0.50450832
2.3647869e+09	-63.063938	-64.849129	-1.2903399
2.364854e+09	-63.071232	-64.666573	-2.6170709
2.3649201e+09	-63.078209	-64.756409	-1.263833
2.3649861e+09	-63.085419	-64.747131	-1.3688329
2.3650519e+09	-63.091541	-64.657028	-2.960618
2.365118e+09	-63.099701	-64.793266	0.1885539
2.365184e+09	-63.106178	-64.239899	0.5116443
2.36525e+09	-63.114109	-64.967644	-1.778339
2.3653161e+09	-63.120651	-64.563828	-0.55812693
2.3653819e+09	-63.127991	-64.653137	-0.5081839
2.3654479e+09	-63.135059	-64.652832	0.77959442
2.365514e+09	-63.141769	-64.561836	-1.422419
2.3655811e+09	-63.14925	-64.42234	-0.72512901
2.3656471e+09	-63.155251	-64.59346	-0.7749939
2.3657129e+09	-63.163078	-64.7864	-1.034229
2.3657789e+09	-63.170059	-64.915192	-1.7081209
2.365845e+09	-63.176891	-64.467117	-1.977915
2.365911e+09	-63.183941	-64.791641	-0.64337373
2.3659771e+09	-63.191002	-64.481377	-0.76996601
2.3660429e+09	-63.198009	-64.839203	-2.5800071
2.3661089e+09	-63.204868	-64.876823	-1.230054
2.366175e+09	-63.211769	-64.629402	-2.5725069
2.366242e+09	-63.218731	-64.664467	-2.4697471
2.3663081e+09	-63.225891	-64.730827	-0.80361152
2.3663739e+09	-63.2328	-64.769852	1.16808
2.3664399e+09	-63.239719	-64.599197	-0.9430812
2.366506e+09	-63.246639	-64.572578	-2.0958691
2.366572e+09	-63.253262	-64.925003	-2.4411671
2.3666381e+09	-63.2598	-65.155663	0.75327212
2.3667041e+09	-63.267109	-64.905777	-1.2016931
2.3667699e+09	-63.274391	-65.303757	-2.694664
2.366836e+09	-63.280991	-64.956917	-2.661957
2.366903e+09	-63.287579	-64.678558	-2.8683779
2.3669691e+09	-63.294571	-64.735962	-2.9443531
2.3670349e+09	-63.301559	-64.60096	-3.2006919
2.3671009e+09	-63.307892	-64.545853	-3.5308681
2.367167e+09	-63.31559	-64.61026	-2.037591
2.367233e+09	-63.322189	-64.845657	0.95736498
2.3672991e+09	-63.32872	-65.094337	-1.99598
2.3673651e+09	-63.335152	-64.992432	-0.7304343
2.3674309e+09	-63.342201	-64.81115	-2.806576
2.367498e+09	-63.349449	-64.903923	-4.9755759
2.367564e+09	-63.355919	-65.107079	-1.589177
2.3676301e+09	-63.3619	-64.930008	-0.54603052
2.3676959e+09	-63.369438	-64.94429	-1.03163
2.3677619e+09	-63.376019	-65.035103	-0.73669583
2.367828e+09	-63.38237	-64.972794	-3.2866249
2.367894e+09	-63.389622	-65.319351	-2.3380959
2.3679601e+09	-63.395679	-64.891983	0.43147421
2.3680261e+09	-63.402901	-65.17823	-0.77459967
2.3680919e+09	-63.409081	-64.579948	-2.2497721
2.368159e+09	-63.416149	-64.849342	-2.1287
2.368225e+09	-63.422321	-65.060509	-2.121757
2.3682911e+09	-63.429119	-64.937561	-3.084866
2.3683571e+09	-63.43581	-64.81813	-3.025141
2.3684229e+09	-63.442402	-64.80719	-2.5555291
2.368489e+09	-63.449009	-64.953346	-2.296103
2.368555e+09	-63.455952	-64.346458	-1.673967
2.3686211e+09	-63.461819	-64.886398	-3.295619
2.3686871e+09	-63.468571	-64.656502	-4.2707391
2.3687529e+09	-63.47451	-64.99778	-3.366483
2.36882e+09	-63.48222	-65.049408	-2.890743
2.368886e+09	-63.488289	-65.107391	-2.1111369
2.3689521e+09	-63.494251	-64.784317	-1.9856451
2.3690181e+09	-63.501049	-65.128403	-2.4167781
2.3690839e+09	-63.507889	-65.379951	-1.6777149
2.36915e+09	-63.513729	-65.319946	-0.61527783
2.369216e+09	-63.520161	-64.972557	-3.7529819
2.369282e+09	-63.526821	-65.19899	-1.624871
2.3693481e+09	-63.53336	-64.772087	-3.690017
2.3694139e+09	-63.539021	-65.090851	-1.348274
2.369481e+09	-63.546131	-64.981628	-2.249136
2.369547e+09	-63.551849	-65.07589	-0.53200573
2.3696131e+09	-63.558632	-65.168137	-2.2808001
2.3696791e+09	-63.56443	-64.915413	-2.848413
2.3697449e+09	-63.570721	-65.110153	-4.6983252
2.3698109e+09	-63.57703	-64.825691	-1.931623
2.369877e+09	-63.58382	-65.192612	-0.3534483
2.369943e+09	-63.59034	-65.180389	-3.7607191
2.3700091e+09	-63.595692	-65.257248	-3.047642
2.3700749e+09	-63.602459	-65.277496	-4.6508451
2.370142e+09	-63.608688	-64.648682	-3.326618
2.370208e+09	-63.615139	-64.887543	-4.997056
2.370274e+09	-63.62035	-64.82251	-3.5956931
2.3703401e+09	-63.62693	-64.909698	-3.0375559
2.3704059e+09	-63.633732	-65.365768	-1.229198
2.3704719e+09	-63.639408	-65.092773	-3.1013851
2.370538e+09	-63.646049	-64.955902	-4.3070631
2.370604e+09	-63.651199	-65.224968	-3.6766491
2.3706701e+09	-63.656979	-64.83358	-4.4249072
2.3707361e+09	-63.663528	-65.047859	-1.341879
2.3708029e+09	-63.67012	-64.849899	-2.1817169
2.370869e+09	-63.675732	-64.73912	-5.605525
2.370935e+09	-63.682018	-65.206841	-3.5758519
2.3710011e+09	-63.688179	-65.193352	-1.686106
2.3710669e+09	-63.693321	-64.982643	-2.4491539
2.3711329e+09	-63.699188	-65.084122	-1.6776119
2.371199e+09	-63.705521	-65.455162	-1.643863
2.371265e+09	-63.711418	-65.124252	-2.0572879
2.3713311e+09	-63.71727	-65.132347	-1.0308501
2.3713971e+09	-63.723282	-64.891281	-1.823458
2.3714639e+09	-63.729301	-64.80587	-3.75021
2.37153e+09	-63.73518	-65.118889	-5.5543041
2.371596e+09	-63.741421	-65.824707	-3.4268789
2.3716621e+09	-63.746601	-64.772522	-1.518705
2.3717279e+09	-63.75264	-65.309624	-4.4282899
2.3717939e+09	-63.758179	-65.368393	-0.08894866
2.37186e+09	-63.76424	-64.717102	-4.9669991
2.371926e+09	-63.770149	-64.901543	-2.731529
2.3719921e+09	-63.776321	-65.264671	-2.0746789
2.3720589e+09	-63.781158	-65.251228	-3.488198
2.3721249e+09	-63.78743	-64.911743	-3.3964911
2.372191e+09	-63.793461	-65.188637	-1.907618
2.372257e+09	-63.79829	-65.1064	-4.3365908
2.3723231e+09	-63.804489	-65.350433	-4.3225818
2.3723891e+09	-63.810219	-65.093803	-4.701941
2.3724549e+09	-63.815762	-65.322823	-2.5988691
2.372521e+09	-63.82103	-65.422028	-4.8679142
2.372587e+09	-63.82682	-65.03624	-3.082058
2.3726531e+09	-63.833	-65.221153	-4.5048938
2.3727201e+09	-63.837761	-65.116348	-2.2573731
2.3727859e+09	-63.843552	-65.085327	-3.6056931
2.372852e+09	-63.849312	-65.294197	-2.262758
2.372918e+09	-63.854969	-65.266006	-2.84812
2.3729841e+09	-63.860062	-65.170723	-2.081794
